100
42
11
1
2018
6
8878382956534987
3010378699781752
1621298814887319
1332447380538669
9685850848433051
48668599587039
333235081791230
916652173079651
9409972866956284
1473013659222126
10000000000000000
4554187510245249
6502223758077131
1819815772982181
9617137296230737
7
5
2707384895782422
4801943834281058
5900135213631093
9999999999999999
8471144320612701
3960104943426767
2316759586815416
6411338421213374
3225928510693904
3075640454255295
2777865806809182
7009343524385508
9
1589759171172411
2
4
5763925550888132
9135961260985211
5631773538788587
5387726548545508
1555555555555555
10
4739729930953400
4772694696404432
5637295023759579
7692403392234583
9779376372193335
2980765278671751
3557750507295841
620513781261519
6581465441388564
5959954268292268
3141555625994690
4708885989086767
8665401658931390
4611814246788898
9908768508283826
3076409580272781
8014160256860363
4680281368774242
5363680941460396
7129228166533981
4165669166203545
2269924633222678
8
7332669800178578
4300418912166342
7199515322778033
5922099926951561
48251653427040
95
9492387490338898
6009389686887524
5550273341965727
6286356342183363
680080708247916
1633966228497288
8888888888888889
4259560135759654
8708202618821820
704433088810831
7945356316489908
3175325668355552
1489951005175226
9722237278351215
5988069829924332
6393570441467220
2326591369837880
9673080246501565
7787127346998020
6291084978213220
2959539718437257
3463597963651904
8268096026022242
8452998430488435
3
3877566197261382
258005782203679
