100
42
11
1
2018
53859
58981
8
6
87892
64091
84501
47073
487
6799
60073
48003
41643
87052
99999
30094
79426
16334
23160
47711
97760
3
5
94891
11683
54911
31405
59579
29586
15893
9164
94067
100000
85824
80114
84682
56299
70069
53298
74270
30754
7042
91328
26174
13320
63914
18192
65792
53619
96697
34624
10
2580
46102
23258
59201
56354
31743
95
83001
31598
62889
32249
85339
73302
4
86624
96825
19637
77590
3332
27769
46787
39588
97189
65000
62842
59119
41689
47381
77845
4710
42581
6203
41599
82653
59860
7
46941
9
76898
2
29798
88753
12951
27065
