100
42
11
1
2018
7
38149
33317
20179
6
2134
4
35547
87556
7842
14225
86159
66902
10465
16680
15581
81097
66565
22890
40642
100000
20613
73344
41029
76705
60341
71510
30946
7936
92941
23365
3
92096
56699
13852
74595
2781
62105
15249
86055
10
10436
92956
22965
15557
92957
51293
52888
12267
93052
76214
5
17556
67133
78566
41512
49701
2
70792
76695
86098
99371
2747
77211
99999
82225
95
46673
5841
64379
50105
30293
6930
10018
24253
18645
78453
49037
8
25516
19552
9
78755
73741
68884
81152
49997
93289
9583
37611
14111
74747
51732
74864
85668
4273
