100
42
11
1
2018
86478
95
16203
1737
38899
27119
89405
58777
58849
94585
52360
100000
51223
99066
20435
95165
6
83823
74513
5
7
8
84146
36723
57338
76838
519
68489
88827
10440
67975
98490
52719
39871
9
70609
13518
36476
60984
41314
51300
76047
61537
4427
52216
93473
23903
60997
48240
17652
4
10628
3
99999
10
32761
26129
90383
25593
50330
86360
55657
28998
86660
44981
2150
59381
36054
30926
67343
60402
71273
960
38020
27181
1647
8883
27047
2954
44223
70069
18131
91810
41666
4804
22772
30947
37254
39540
55448
2
72951
40156
98902
27752
10289
