100
42
11
1
2018
82048
38196
78182
32999
56379
64610
45395
100000
92269
43553
10
96605
46990
29737
83945
8666
89988
40901
5
99999
10792
71192
12380
24788
61105
52081
92247
54843
9
43634
65414
71861
50394
67845
84197
33432
50390
55873
94362
35758
4
45333
58533
9330
96678
6
92807
87618
3
7
77237
17923
81054
2
16622
19976
53741
34371
14714
65843
63835
13117
95
61467
22373
36131
17646
22982
54085
15733
45073
75912
11593
37469
7948
27765
83814
53303
8
57039
85662
17008
66073
60887
8785
36663
26031
13258
10878
34470
20109
58782
89604
1613
77487
2890
