100
375211 836086
23687 305110
187702 187707
335 442103
312 138535
285567 285573
713 236442
246 122536
635531 685862
527 184386
203 604617
6 757826
220 454136
713 257600
1 1000000
784758 784767
117277 117287
533806 533807
704 487001
21 142106
24884 24886
88610 88616
282073 282082
858 304211
848 383573
253 456272
355 154421
128767 128773
77776 77777
142 505644
803 521115
4282 764536
633 312805
447 352205
80 380624
524 236002
434 686311
280 525068
373 214712
71 538764
267 443213
241660 241667
87118 738248
857058 857065
773580 843304
784 808648
661 624070
177 525250
150 418538
846082 846088
661 146071
326027 616487
852 173113
187828 661452
642405 642415
88 102
1 2
567487 768721
245624 245633
66 543388
110 843276
336175 363763
372001 372011
434405 465154
226 561115
350 763681
664 337318
116751 172676
431 651781
200 460373
174 660308
417740 427484
2 3
833600 833601
847 703243
320672 320680
15814 701864
330 286764
8713 875648
16 26
550 143655
571826 610037
223 511024
61451 680218
600880 600887
325731 325738
740 677458
68587 737372
767 507184
225728 225733
28 406010
556 253326
737 165353
27808 262562
844 174441
811 428474
218 475424
208 652576
307338 478034
555 565652
