100
93 43 632877223390413
74 74 1
31 31 1
82 82 1
25 25 0
57 57 1
50 50 1
16 16 0
21 21 1
22 22 0
23 23 0
45 45 0
36 36 0
39 39 1
26 26 1
69 69 0
53 53 0
20 20 1
61 61 0
18 18 1
24 24 1
66 66 0
63 63 0
81 81 1
49 49 0
33 33 1
55 55 1
87 87 1
73 73 1
75 75 1
28 28 0
68 68 0
89 89 1
91 91 1
80 80 1
44 44 1
6 6 0
46 46 0
58 58 1
64 64 1
86 86 1
14 14 0
79 79 0
11 11 0
97 17 446192697886883791
71 71 1
24 24 1
89 89 1
36 36 1
83 83 1
61 61 0
21 21 1
17 17 0
77 77 0
50 50 1
28 28 1
69 69 0
76 76 0
39 39 0
81 81 1
48 48 0
66 66 0
98 52 26377302070928
92 92 0
9 9 0
50 50 0
42 42 0
16 16 0
36 36 0
29 29 0
80 80 0
22 22 1
51 51 1
85 85 1
67 67 1
64 64 0
7 7 1
24 24 0
56 56 0
60 60 1
10 10 0
3 3 1
55 55 0
66 66 1
35 35 0
38 38 0
78 78 1
27 27 0
33 33 1
23 23 0
12 12 1
57 57 0
13 13 0
98 98 1
8 8 0
74 74 0
83 83 0
20 20 0
40 40 1
48 48 0
59 59 0
96 96 0
45 45 1
75 75 0
84 84 0
28 28 0
89 89 0
93 93 1
61 61 1
68 68 1
11 11 1
70 70 0
4 4 1
52 52 0
81 81 0
99 88 1792
9 9 1
79 79 1
21 21 0
41 41 0
39 39 1
55 55 0
65 65 1
5 5 0
75 75 0
36 36 1
53 53 0
8 8 1
67 67 0
3 3 0
26 26 0
77 77 1
71 71 0
92 92 0
54 54 1
1 1 0
87 87 0
63 63 1
58 58 0
45 45 0
52 52 1
91 91 1
47 47 0
66 66 1
70 70 1
17 17 1
85 85 1
94 94 1
97 97 0
68 68 1
37 37 1
49 49 1
15 15 0
88 88 1
76 76 0
64 64 1
96 96 1
10 10 1
13 13 0
42 42 0
59 59 0
99 99 1
48 48 1
60 60 0
86 86 0
78 78 1
25 25 1
6 6 1
83 83 0
2 2 0
44 44 0
72 72 0
33 33 1
18 18 0
38 38 0
29 29 1
90 90 0
14 14 1
93 93 0
23 23 1
27 27 0
11 11 1
31 31 1
35 35 0
46 46 0
56 56 1
82 82 1
4 4 0
80 80 1
34 34 0
16 16 1
43 43 0
12 12 1
19 19 1
22 22 0
50 50 1
69 69 1
89 89 1
40 40 0
62 62 0
24 24 1
28 28 0
61 61 0
30 30 0
6 5 1
6 6 1
5 5 0
3 3 1
2 2 1
4 4 0
92 70 3281467
71 71 0
63 63 1
38 38 1
29 29 0
21 21 1
30 30 0
36 36 1
40 40 1
77 77 1
16 16 0
27 27 0
17 17 1
61 61 1
59 59 0
68 68 0
4 4 1
87 87 1
83 83 1
44 44 1
91 91 1
70 70 0
6 6 0
14 14 1
20 20 0
50 50 1
81 81 0
75 75 1
54 54 0
24 24 1
57 57 0
46 46 0
76 76 1
33 33 1
25 25 1
74 74 0
78 78 0
31 31 0
51 51 1
43 43 1
62 62 1
34 34 1
3 3 0
32 32 1
39 39 0
28 28 0
79 79 0
42 42 1
8 8 1
53 53 0
47 47 0
85 85 1
45 45 0
37 37 0
13 13 1
92 92 1
5 5 0
23 23 1
7 7 1
9 9 0
73 73 0
11 11 0
12 12 0
19 19 0
82 82 0
15 15 1
67 67 1
56 56 1
60 60 0
72 72 0
69 69 1
10 8 4
6 6 0
9 9 0
1 1 0
5 5 1
3 3 1
10 10 0
7 7 0
4 4 0
95 51 15071314883451
75 75 1
16 16 0
27 27 1
25 25 0
36 36 1
43 43 1
78 78 0
55 55 0
23 23 1
20 20 0
33 33 0
89 89 1
51 51 0
64 64 1
84 84 1
73 73 0
72 72 0
65 65 0
34 34 0
85 85 0
29 29 1
28 28 0
24 24 1
57 57 0
67 67 0
3 3 1
21 21 0
79 79 0
10 10 1
52 52 0
14 14 0
87 87 0
37 37 0
11 11 1
77 77 1
12 12 0
82 82 1
15 15 1
90 90 1
70 70 1
22 22 1
88 88 0
30 30 0
59 59 0
47 47 1
41 41 0
32 32 1
81 81 0
39 39 0
26 26 0
19 19 1
97 97 1
86 86 0
5 5 0
76 76 1
79 79 0
55 55 1
53 53 0
35 35 0
95 95 0
21 21 1
3 3 1
7 7 0
15 15 1
87 87 1
64 64 0
48 48 1
54 54 0
13 13 0
73 73 0
29 29 0
61 61 1
60 60 1
62 62 1
16 16 1
36 36 0
59 59 1
28 28 0
51 51 1
97 97 0
50 50 1
41 41 0
69 69 1
24 24 0
70 70 1
11 11 0
83 83 0
25 25 1
4 4 0
94 94 1
89 89 1
46 46 0
88 88 1
77 77 1
20 20 1
96 96 0
44 44 1
63 63 1
49 49 1
75 75 1
26 26 0
12 12 1
66 66 0
33 33 1
56 56 0
93 93 0
58 58 0
85 85 1
42 42 1
92 92 0
1 1 1
40 40 1
65 65 0
84 84 1
67 67 0
43 43 0
22 22 1
32 32 1
52 52 0
10 10 1
90 90 0
18 18 1
39 39 0
34 34 0
38 38 1
91 91 1
45 45 1
68 68 0
71 71 0
31 31 1
74 74 0
6 6 1
72 72 0
8 8 1
37 37 0
19 19 1
17 17 1
23 23 1
80 80 0
2 2 1
82 82 1
27 27 0
78 78 0
14 14 1
30 30 1
81 81 1
9 9 0
47 47 1
57 57 0
98 92 9
44 44 1
98 98 0
20 20 1
97 97 1
95 95 1
71 71 0
3 3 1
15 15 1
16 16 1
86 86 1
93 93 0
78 78 0
96 96 0
56 56 0
57 57 0
1 1 1
63 63 1
10 10 0
2 2 0
35 35 0
19 19 1
68 68 1
60 60 1
14 14 0
48 48 1
28 28 0
12 12 0
26 26 0
7 7 1
27 27 1
89 89 1
37 37 1
61 61 0
33 33 0
13 13 1
80 80 0
25 25 0
8 8 1
30 30 0
84 84 1
72 72 0
43 43 1
9 9 1
64 64 0
4 4 0
66 66 1
6 6 0
24 24 1
69 69 1
55 55 0
17 17 0
83 83 0
32 32 0
75 75 1
53 53 1
47 47 1
65 65 0
59 59 0
18 18 1
79 79 1
22 22 0
54 54 1
45 45 0
91 91 0
62 62 0
5 5 0
58 58 0
40 40 1
21 21 1
85 85 0
70 70 0
77 77 0
82 82 1
39 39 1
88 88 0
46 46 0
74 74 0
87 87 0
76 76 0
41 41 0
94 94 0
90 90 1
92 92 1
50 50 0
29 29 1
38 38 1
52 52 1
73 73 1
81 81 1
23 23 1
51 51 0
49 49 0
100 70 438619002
68 68 1
47 47 0
10 10 0
16 16 0
32 32 0
25 25 0
54 54 1
97 97 0
92 92 0
71 71 1
44 44 0
24 24 0
99 99 1
67 67 1
45 45 1
58 58 0
11 11 1
38 38 1
34 34 1
20 20 0
86 86 0
4 4 1
52 52 1
91 91 0
14 14 1
6 6 1
51 51 1
64 64 1
7 7 1
31 31 1
95 95 0
13 13 1
3 3 0
82 82 1
36 36 0
42 42 1
57 57 1
28 28 0
69 69 0
53 53 1
84 84 1
37 37 0
43 43 0
29 29 1
26 26 0
19 19 0
22 22 1
9 9 1
60 60 1
72 72 1
93 93 0
66 66 0
74 74 1
27 27 1
8 8 0
62 62 0
39 39 0
79 79 1
87 87 0
55 55 1
94 94 1
46 46 1
1 1 1
56 56 1
12 12 1
2 2 1
50 50 1
17 17 0
76 76 0
61 61 1
98 33 129182351236062401
52 52 0
94 94 1
78 78 1
10 10 1
55 55 1
44 44 1
39 39 0
2 2 0
1 1 0
70 70 1
86 86 1
8 8 0
65 65 1
13 13 0
79 79 0
67 67 0
72 72 1
33 33 1
23 23 1
25 25 1
11 11 1
56 56 1
45 45 0
49 49 0
38 38 1
80 80 0
88 88 1
46 46 1
54 54 1
90 90 1
12 12 0
83 83 0
9 9 0
98 96 3
29 29 0
3 3 1
64 64 0
83 83 1
12 12 0
58 58 0
90 90 0
52 52 0
41 41 1
78 78 0
82 82 1
63 63 0
30 30 0
11 11 1
40 40 1
92 92 0
67 67 1
32 32 0
71 71 0
68 68 0
45 45 0
2 2 0
43 43 1
14 14 1
69 69 1
25 25 1
24 24 0
73 73 0
22 22 0
38 38 0
23 23 1
37 37 0
4 4 1
54 54 0
28 28 1
96 96 0
27 27 0
57 57 0
75 75 0
9 9 0
97 97 1
72 72 0
66 66 1
56 56 1
59 59 1
53 53 1
70 70 1
94 94 1
84 84 0
88 88 0
87 87 0
5 5 1
86 86 1
35 35 1
34 34 0
39 39 0
13 13 0
48 48 1
15 15 1
21 21 1
42 42 0
51 51 1
77 77 1
62 62 0
19 19 1
31 31 0
46 46 1
79 79 0
10 10 1
18 18 0
98 98 0
8 8 0
20 20 1
61 61 0
49 49 0
1 1 1
47 47 0
93 93 0
36 36 0
80 80 1
16 16 1
6 6 0
44 44 0
7 7 1
85 85 0
55 55 1
89 89 1
76 76 1
33 33 1
81 81 0
26 26 0
17 17 1
74 74 1
60 60 0
65 65 1
95 95 0
95 78 86388
22 22 0
56 56 1
94 94 1
27 27 1
5 5 1
82 82 0
90 90 1
74 74 1
86 86 1
29 29 1
87 87 1
18 18 0
9 9 0
84 84 1
81 81 0
15 15 1
42 42 0
6 6 1
73 73 0
52 52 0
92 92 1
83 83 1
48 48 1
59 59 1
23 23 1
34 34 1
89 89 0
53 53 0
77 77 0
69 69 0
8 8 0
62 62 0
63 63 0
91 91 1
24 24 1
1 1 1
4 4 1
71 71 0
31 31 0
25 25 1
55 55 0
67 67 1
78 78 1
85 85 0
10 10 0
2 2 0
76 76 1
80 80 1
60 60 1
20 20 1
7 7 0
45 45 0
61 61 0
64 64 0
17 17 0
70 70 0
36 36 0
41 41 1
43 43 1
93 93 0
38 38 0
19 19 0
95 95 0
26 26 1
32 32 0
51 51 0
28 28 0
21 21 1
14 14 0
35 35 0
46 46 1
47 47 1
50 50 0
39 39 1
33 33 0
12 12 0
54 54 1
13 13 1
95 32 709619050656614440
59 59 1
17 17 0
88 88 1
76 76 1
23 23 1
90 90 0
69 69 0
71 71 0
57 57 1
1 1 1
34 34 0
25 25 0
55 55 1
50 50 0
40 40 0
91 91 1
63 63 0
54 54 1
53 53 1
45 45 1
46 46 0
33 33 1
60 60 1
21 21 0
70 70 0
67 67 1
14 14 1
38 38 1
94 94 0
20 20 0
56 56 1
65 65 0
99 12 772750340011875594
46 46 0
44 44 0
93 93 0
37 37 0
96 96 0
33 33 1
26 26 0
10 10 1
9 9 0
75 75 1
54 54 1
14 14 1
95 73 3497393
85 85 0
8 8 0
16 16 0
93 93 1
80 80 0
56 56 0
5 5 1
41 41 0
42 42 1
72 72 0
48 48 0
62 62 0
58 58 0
75 75 1
14 14 1
66 66 0
71 71 1
89 89 1
55 55 1
86 86 0
77 77 1
67 67 0
70 70 0
35 35 1
10 10 1
95 95 1
25 25 1
50 50 0
46 46 1
74 74 0
20 20 0
43 43 0
34 34 0
94 94 0
79 79 1
30 30 0
33 33 0
15 15 1
59 59 0
88 88 1
91 91 0
68 68 0
45 45 1
47 47 1
52 52 0
63 63 0
73 73 0
61 61 0
84 84 0
90 90 1
2 2 1
76 76 0
1 1 1
54 54 0
9 9 1
6 6 1
17 17 1
29 29 0
18 18 0
69 69 1
53 53 1
32 32 1
7 7 0
44 44 1
92 92 1
81 81 1
57 57 0
51 51 0
83 83 0
22 22 0
64 64 0
21 21 0
78 78 0
96 26 103579830546418326
78 78 1
23 23 0
24 24 0
14 14 0
90 90 0
38 38 1
3 3 1
4 4 1
28 28 1
61 61 0
58 58 0
13 13 0
83 83 1
21 21 1
54 54 0
29 29 1
20 20 1
77 77 0
7 7 1
1 1 1
85 85 0
11 11 0
42 42 0
27 27 1
50 50 0
92 92 0
95 29 972572010466709325
37 37 1
74 74 0
9 9 1
82 82 1
55 55 1
89 89 0
66 66 1
77 77 1
81 81 1
43 43 1
50 50 1
57 57 0
41 41 0
23 23 0
34 34 0
20 20 0
76 76 0
15 15 1
92 92 1
52 52 1
6 6 0
14 14 1
47 47 0
21 21 0
46 46 1
91 91 1
95 95 1
42 42 0
10 10 1
97 40 94637890677329247
68 68 1
34 34 1
85 85 0
93 93 1
83 83 1
66 66 1
53 53 1
29 29 1
76 76 1
82 82 0
11 11 0
39 39 1
23 23 1
54 54 0
74 74 0
72 72 1
70 70 0
14 14 1
47 47 1
18 18 1
1 1 1
13 13 1
43 43 0
7 7 0
94 94 0
60 60 0
50 50 0
64 64 0
44 44 1
84 84 1
62 62 1
52 52 0
69 69 1
31 31 0
9 9 1
27 27 0
24 24 0
33 33 1
49 49 1
71 71 0
99 61 209880972981
98 98 1
64 64 0
21 21 0
39 39 1
71 71 1
16 16 0
41 41 1
33 33 1
54 54 1
28 28 1
44 44 1
84 84 0
42 42 1
2 2 1
60 60 0
8 8 0
75 75 0
17 17 1
23 23 1
85 85 0
14 14 0
29 29 1
94 94 1
50 50 0
80 80 0
52 52 0
11 11 1
74 74 1
82 82 0
5 5 1
65 65 1
12 12 0
55 55 0
86 86 1
93 93 1
7 7 1
43 43 1
97 97 0
72 72 0
22 22 1
57 57 1
88 88 0
78 78 1
47 47 1
9 9 0
70 70 0
67 67 1
30 30 1
48 48 1
89 89 1
32 32 1
58 58 1
15 15 1
79 79 1
62 62 1
45 45 0
10 10 1
1 1 1
51 51 1
83 83 0
37 37 1
99 32 549528648671624545
30 30 1
38 38 1
89 89 0
97 97 0
3 3 1
66 66 0
51 51 1
39 39 1
94 94 1
82 82 0
36 36 0
99 99 0
85 85 0
14 14 1
46 46 1
7 7 1
77 77 1
95 95 1
61 61 0
73 73 0
80 80 0
58 58 0
1 1 1
8 8 0
52 52 0
47 47 1
74 74 0
29 29 0
5 5 1
56 56 1
42 42 1
48 48 1
95 29 860920999797687369
78 78 1
61 61 0
94 94 1
91 91 0
33 33 1
3 3 1
23 23 1
20 20 0
1 1 1
28 28 1
59 59 1
10 10 0
12 12 0
18 18 0
15 15 1
32 32 0
11 11 1
42 42 0
6 6 1
89 89 0
47 47 1
76 76 0
41 41 0
31 31 0
81 81 0
4 4 1
69 69 0
16 16 0
55 55 0
93 73 737169
13 13 1
83 83 0
25 25 0
66 66 0
70 70 0
1 1 1
50 50 0
74 74 0
29 29 1
31 31 0
61 61 0
5 5 0
65 65 0
45 45 0
26 26 0
42 42 1
16 16 1
52 52 0
19 19 0
86 86 1
69 69 1
90 90 1
40 40 0
22 22 0
41 41 1
76 76 1
38 38 1
58 58 1
57 57 0
88 88 0
37 37 0
2 2 0
71 71 0
47 47 1
20 20 1
7 7 0
39 39 1
34 34 1
24 24 1
30 30 0
92 92 1
8 8 1
32 32 1
54 54 1
48 48 1
28 28 1
23 23 1
49 49 0
84 84 1
33 33 1
35 35 0
44 44 0
53 53 0
10 10 1
43 43 1
11 11 1
59 59 1
62 62 1
60 60 1
12 12 1
55 55 0
64 64 0
87 87 0
56 56 1
63 63 0
4 4 0
82 82 1
14 14 0
6 6 0
79 79 0
77 77 1
9 9 0
68 68 0
97 68 26599056
87 87 1
16 16 1
37 37 1
2 2 1
54 54 0
64 64 1
71 71 0
55 55 1
76 76 1
1 1 0
79 79 1
7 7 1
48 48 1
58 58 0
29 29 1
91 91 1
33 33 1
11 11 1
41 41 1
42 42 1
18 18 0
8 8 0
67 67 1
75 75 1
19 19 0
96 96 1
66 66 0
61 61 1
15 15 1
36 36 0
88 88 0
20 20 1
94 94 0
9 9 0
31 31 1
60 60 1
78 78 0
12 12 0
23 23 0
59 59 1
47 47 0
70 70 0
57 57 0
62 62 1
81 81 1
43 43 1
49 49 1
90 90 1
56 56 0
86 86 0
95 95 0
92 92 0
51 51 0
77 77 0
35 35 1
13 13 0
38 38 0
14 14 1
97 97 1
22 22 0
82 82 0
10 10 0
53 53 0
73 73 1
93 93 0
83 83 0
21 21 1
40 40 1
10 10 1
7 7 1
10 10 0
3 3 1
4 4 1
2 2 0
6 6 1
9 9 0
5 5 0
1 1 0
8 8 0
99 76 4489539
91 91 0
38 38 0
50 50 1
45 45 0
90 90 0
23 23 0
42 42 1
52 52 0
2 2 1
71 71 1
3 3 0
44 44 1
92 92 0
65 65 0
34 34 0
41 41 1
94 94 0
35 35 1
20 20 0
19 19 1
53 53 0
61 61 1
27 27 1
4 4 1
59 59 1
67 67 1
99 99 0
32 32 0
37 37 1
74 74 1
88 88 1
75 75 1
51 51 0
9 9 0
12 12 1
80 80 1
13 13 1
79 79 1
83 83 0
26 26 1
85 85 0
63 63 0
58 58 1
87 87 1
82 82 1
62 62 1
68 68 0
11 11 1
22 22 1
5 5 1
36 36 1
66 66 0
64 64 1
39 39 1
93 93 1
48 48 1
55 55 0
30 30 1
46 46 0
81 81 0
10 10 1
77 77 0
89 89 1
7 7 0
76 76 0
72 72 0
73 73 1
24 24 0
18 18 1
49 49 1
14 14 1
25 25 0
95 95 0
69 69 0
40 40 1
70 70 0
98 14 315396274091535734
53 53 1
16 16 1
84 84 0
55 55 1
22 22 0
88 88 1
52 52 0
29 29 0
57 57 1
21 21 0
96 96 1
89 89 0
67 67 0
86 86 0
100 13 218185170653041307
24 24 0
83 83 1
100 100 0
8 8 1
35 35 0
13 13 1
36 36 0
19 19 1
6 6 0
98 98 0
71 71 1
14 14 1
55 55 0
94 77 90525
35 35 0
46 46 0
47 47 1
70 70 1
73 73 0
64 64 0
38 38 1
83 83 0
24 24 0
77 77 1
78 78 0
88 88 1
80 80 1
27 27 0
17 17 1
66 66 1
61 61 0
44 44 1
79 79 1
13 13 0
39 39 0
91 91 1
12 12 0
22 22 0
9 9 1
71 71 0
20 20 0
76 76 0
92 92 0
50 50 0
59 59 1
3 3 0
85 85 1
60 60 0
42 42 0
32 32 0
1 1 0
81 81 0
43 43 0
23 23 0
51 51 0
65 65 1
40 40 0
48 48 1
55 55 0
63 63 0
86 86 0
25 25 1
62 62 1
33 33 1
49 49 0
21 21 1
72 72 0
57 57 1
10 10 0
15 15 0
54 54 0
52 52 1
30 30 1
18 18 1
36 36 0
16 16 0
41 41 0
45 45 1
11 11 1
84 84 0
29 29 0
82 82 1
67 67 0
93 93 0
26 26 0
4 4 0
31 31 0
28 28 1
7 7 0
74 74 0
2 2 0
98 80 209126
91 91 0
89 89 1
68 68 1
12 12 0
56 56 1
95 95 1
20 20 0
25 25 0
42 42 1
50 50 1
8 8 1
66 66 0
36 36 1
85 85 1
92 92 1
51 51 0
44 44 0
39 39 1
49 49 1
96 96 1
73 73 1
75 75 1
60 60 0
4 4 0
65 65 0
5 5 0
45 45 0
55 55 0
7 7 1
62 62 0
1 1 0
22 22 0
79 79 0
9 9 1
82 82 0
30 30 0
10 10 1
59 59 1
46 46 1
71 71 0
94 94 1
64 64 1
69 69 1
70 70 1
47 47 0
93 93 1
28 28 0
80 80 1
37 37 0
97 97 1
27 27 0
63 63 0
98 98 0
78 78 0
40 40 0
18 18 1
15 15 0
19 19 1
29 29 1
21 21 1
41 41 0
43 43 0
90 90 0
35 35 1
24 24 1
26 26 0
38 38 1
61 61 1
32 32 0
77 77 0
57 57 0
74 74 1
52 52 0
31 31 1
86 86 0
72 72 1
6 6 1
67 67 1
2 2 1
83 83 0
98 85 6971
28 28 1
95 95 1
79 79 0
4 4 0
22 22 1
47 47 1
19 19 0
2 2 1
59 59 0
93 93 1
81 81 0
55 55 1
52 52 0
27 27 1
46 46 0
60 60 1
45 45 1
48 48 1
33 33 1
54 54 0
56 56 0
65 65 0
11 11 1
39 39 1
96 96 0
35 35 1
29 29 0
72 72 1
67 67 1
64 64 0
97 97 0
71 71 1
68 68 0
13 13 0
86 86 0
53 53 0
24 24 1
57 57 1
1 1 0
69 69 0
77 77 1
5 5 1
89 89 1
78 78 0
38 38 1
9 9 1
16 16 1
18 18 1
76 76 0
31 31 1
44 44 1
12 12 0
36 36 1
8 8 1
17 17 1
21 21 1
41 41 0
37 37 1
83 83 0
3 3 0
30 30 0
40 40 0
14 14 1
58 58 1
50 50 1
26 26 1
74 74 0
94 94 1
87 87 1
15 15 0
84 84 1
49 49 1
75 75 1
98 98 0
20 20 0
73 73 1
43 43 0
25 25 0
82 82 1
80 80 1
90 90 1
62 62 0
91 91 0
51 51 0
32 32 1
100 1 1000000000000000000
1 1 0
94 54 259261100005
6 6 1
83 83 0
57 57 1
3 3 0
56 56 0
17 17 1
86 86 0
46 46 0
47 47 1
85 85 0
90 90 1
70 70 1
51 51 0
10 10 0
41 41 1
18 18 1
81 81 0
23 23 0
89 89 0
25 25 0
33 33 1
28 28 1
8 8 1
29 29 0
77 77 0
39 39 1
7 7 1
31 31 1
80 80 1
36 36 0
71 71 0
9 9 0
13 13 1
54 54 1
30 30 1
50 50 1
2 2 1
64 64 1
43 43 1
24 24 1
1 1 0
19 19 1
4 4 0
91 91 1
79 79 0
20 20 1
93 93 1
11 11 0
38 38 0
74 74 1
69 69 0
63 63 1
59 59 0
61 61 0
92 83 377
63 63 0
27 27 1
33 33 1
55 55 1
1 1 1
39 39 1
40 40 0
76 76 0
73 73 1
18 18 0
90 90 1
22 22 1
45 45 1
30 30 0
20 20 0
59 59 0
88 88 1
19 19 1
51 51 1
26 26 0
62 62 0
5 5 0
34 34 0
48 48 0
89 89 0
66 66 1
87 87 0
43 43 1
25 25 1
9 9 1
81 81 1
68 68 1
75 75 0
83 83 0
23 23 1
86 86 1
38 38 1
82 82 1
65 65 1
54 54 1
49 49 0
50 50 1
67 67 0
21 21 1
57 57 1
3 3 1
29 29 0
31 31 1
28 28 0
69 69 1
47 47 1
6 6 1
80 80 1
11 11 0
32 32 0
10 10 0
36 36 0
70 70 0
8 8 1
56 56 0
53 53 0
85 85 1
71 71 0
15 15 0
41 41 1
4 4 0
72 72 1
17 17 1
84 84 1
78 78 0
24 24 1
2 2 1
77 77 1
60 60 0
12 12 1
7 7 0
42 42 1
44 44 0
14 14 1
16 16 1
46 46 1
35 35 0
37 37 0
99 20 928628576600383989
78 78 1
61 61 1
49 49 1
70 70 1
17 17 0
8 8 0
44 44 1
40 40 1
26 26 1
30 30 1
54 54 1
4 4 1
1 1 1
47 47 0
81 81 1
82 82 1
88 88 1
46 46 0
20 20 0
73 73 0
98 59 519627457531
19 19 0
53 53 1
2 2 1
36 36 0
16 16 1
64 64 0
78 78 1
9 9 0
5 5 0
92 92 1
71 71 0
42 42 0
38 38 1
12 12 1
48 48 0
55 55 0
13 13 1
8 8 0
23 23 0
4 4 0
93 93 1
74 74 1
49 49 1
46 46 1
72 72 1
43 43 0
29 29 1
57 57 1
45 45 0
41 41 0
20 20 0
83 83 1
21 21 1
84 84 0
66 66 0
65 65 1
75 75 1
7 7 0
3 3 1
63 63 0
31 31 0
68 68 1
97 97 0
30 30 0
79 79 0
1 1 0
26 26 1
59 59 1
82 82 1
6 6 1
67 67 0
27 27 1
58 58 1
18 18 1
73 73 0
33 33 0
24 24 1
54 54 0
47 47 1
6 3 5
1 1 0
4 4 1
3 3 0
98 9 169488250561347179
76 76 1
5 5 0
50 50 1
9 9 0
71 71 1
85 85 1
93 93 0
81 81 0
55 55 1
9 6 6
3 3 0
6 6 0
7 7 0
4 4 0
2 2 1
8 8 1
8 1 63
4 4 0
98 71 1795452
89 89 1
50 50 1
93 93 0
54 54 1
88 88 1
59 59 1
67 67 1
71 71 0
92 92 0
82 82 0
16 16 0
90 90 1
29 29 1
58 58 1
47 47 1
49 49 0
74 74 0
61 61 1
26 26 1
62 62 0
11 11 0
98 98 1
56 56 1
77 77 0
27 27 0
52 52 0
36 36 0
22 22 0
43 43 1
53 53 0
25 25 1
80 80 1
76 76 1
51 51 0
75 75 0
87 87 0
73 73 1
34 34 1
38 38 0
84 84 1
18 18 1
15 15 1
10 10 0
37 37 1
32 32 1
20 20 0
86 86 1
7 7 0
46 46 0
41 41 0
4 4 1
39 39 1
66 66 1
12 12 0
5 5 0
91 91 0
57 57 0
48 48 1
1 1 0
81 81 0
42 42 0
24 24 0
44 44 1
3 3 1
79 79 0
78 78 0
21 21 1
23 23 0
35 35 0
33 33 1
8 8 1
91 80 1029
9 9 0
30 30 0
75 75 0
8 8 1
10 10 0
55 55 1
90 90 1
19 19 1
79 79 1
68 68 1
72 72 1
13 13 1
59 59 1
46 46 1
44 44 0
41 41 1
18 18 0
66 66 1
40 40 0
28 28 0
38 38 0
23 23 0
39 39 0
48 48 1
56 56 0
50 50 1
76 76 0
54 54 0
64 64 0
51 51 0
78 78 1
67 67 0
69 69 0
60 60 1
34 34 1
4 4 0
77 77 0
71 71 0
88 88 0
11 11 1
36 36 0
57 57 1
63 63 0
85 85 1
43 43 0
35 35 1
70 70 1
25 25 0
33 33 0
47 47 1
3 3 0
32 32 0
82 82 0
14 14 0
61 61 0
62 62 1
6 6 1
89 89 1
52 52 1
86 86 0
91 91 0
26 26 1
83 83 0
5 5 0
27 27 1
65 65 1
16 16 0
21 21 0
87 87 1
53 53 0
12 12 0
15 15 1
37 37 1
29 29 1
49 49 1
17 17 0
1 1 0
84 84 0
7 7 0
24 24 1
93 88 1
81 81 0
31 31 1
25 25 0
41 41 1
1 1 1
56 56 0
37 37 0
75 75 1
51 51 0
8 8 0
69 69 0
20 20 1
44 44 0
9 9 1
33 33 1
55 55 0
93 93 1
7 7 0
6 6 0
26 26 1
29 29 1
84 84 1
65 65 1
53 53 1
90 90 0
80 80 1
87 87 0
85 85 1
5 5 1
62 62 1
22 22 1
50 50 0
2 2 1
15 15 1
58 58 0
11 11 0
16 16 1
17 17 0
35 35 0
66 66 1
64 64 0
38 38 0
78 78 1
48 48 0
34 34 0
28 28 0
92 92 0
32 32 1
91 91 0
71 71 0
46 46 1
89 89 1
54 54 1
73 73 0
21 21 1
4 4 0
59 59 1
83 83 1
40 40 1
49 49 1
61 61 1
36 36 0
23 23 1
57 57 1
3 3 0
13 13 0
60 60 1
82 82 0
70 70 1
52 52 0
74 74 0
39 39 1
68 68 0
79 79 0
45 45 1
77 77 0
14 14 0
30 30 0
24 24 1
43 43 0
27 27 0
86 86 0
18 18 1
67 67 1
47 47 1
12 12 1
10 10 1
76 76 1
91 66 18262658
64 64 0
34 34 0
90 90 0
24 24 1
41 41 0
58 58 1
60 60 1
48 48 1
68 68 0
9 9 0
15 15 1
76 76 0
36 36 1
13 13 1
19 19 1
35 35 1
49 49 1
74 74 0
82 82 0
46 46 1
53 53 1
23 23 1
44 44 0
12 12 1
50 50 0
72 72 1
39 39 1
25 25 0
14 14 1
67 67 0
62 62 1
47 47 1
45 45 0
26 26 1
55 55 1
2 2 1
29 29 0
20 20 0
78 78 0
32 32 1
54 54 1
86 86 1
40 40 1
79 79 0
3 3 1
4 4 1
28 28 1
85 85 0
83 83 1
42 42 0
16 16 1
31 31 1
91 91 1
65 65 0
6 6 1
37 37 1
63 63 0
7 7 0
77 77 1
88 88 0
61 61 0
51 51 0
75 75 0
84 84 0
5 5 1
22 22 1
96 45 346698741691273
79 79 0
43 43 0
62 62 1
3 3 0
64 64 1
13 13 0
85 85 0
75 75 1
37 37 1
2 2 0
11 11 0
10 10 1
48 48 0
94 94 1
46 46 1
26 26 0
82 82 0
89 89 0
91 91 0
90 90 1
60 60 0
40 40 0
63 63 0
36 36 1
69 69 1
68 68 1
30 30 0
32 32 0
20 20 0
66 66 0
7 7 1
54 54 1
81 81 0
57 57 1
72 72 1
12 12 0
31 31 1
87 87 1
65 65 0
80 80 1
59 59 0
45 45 1
56 56 0
33 33 1
71 71 1
100 52 185716389263383
58 58 1
15 15 0
93 93 0
70 70 0
69 69 1
65 65 0
52 52 0
14 14 1
81 81 0
28 28 0
47 47 1
6 6 1
30 30 0
13 13 0
23 23 1
10 10 0
91 91 0
77 77 1
89 89 0
41 41 0
8 8 0
78 78 1
88 88 0
66 66 1
17 17 0
57 57 1
90 90 0
94 94 1
24 24 1
37 37 1
2 2 0
35 35 1
62 62 0
45 45 0
96 96 0
71 71 1
98 98 1
76 76 0
12 12 0
42 42 0
27 27 0
64 64 1
83 83 1
51 51 1
22 22 1
72 72 1
79 79 1
87 87 1
33 33 0
43 43 1
46 46 1
53 53 0
91 49 1585187210186
91 91 0
74 74 1
57 57 1
9 9 1
80 80 1
75 75 1
73 73 1
64 64 0
82 82 1
69 69 0
81 81 1
17 17 0
56 56 0
37 37 0
52 52 0
11 11 0
71 71 1
49 49 0
39 39 0
43 43 0
34 34 0
21 21 1
14 14 1
38 38 0
67 67 0
42 42 1
31 31 0
22 22 1
68 68 0
65 65 0
2 2 0
3 3 1
16 16 1
88 88 1
46 46 1
72 72 1
44 44 1
85 85 1
26 26 0
28 28 0
29 29 1
48 48 0
79 79 1
55 55 0
86 86 1
10 10 1
20 20 1
62 62 0
59 59 0
92 17 809278521470003133
53 53 0
49 49 0
65 65 0
39 39 1
4 4 0
56 56 0
23 23 0
31 31 1
36 36 0
81 81 1
46 46 0
67 67 0
86 86 0
66 66 0
8 8 1
91 91 0
88 88 0
91 19 274380404168412515
88 88 1
41 41 1
61 61 0
17 17 0
35 35 1
67 67 0
83 83 0
53 53 1
30 30 1
86 86 1
91 91 0
60 60 0
9 9 1
23 23 1
18 18 0
27 27 0
50 50 0
51 51 0
31 31 1
100 100 1
46 46 0
3 3 1
29 29 1
62 62 0
87 87 1
79 79 0
85 85 0
58 58 1
96 96 0
66 66 1
76 76 1
41 41 1
89 89 0
34 34 0
99 99 0
55 55 0
27 27 0
97 97 1
83 83 0
44 44 0
16 16 1
60 60 1
12 12 1
15 15 0
64 64 1
47 47 0
72 72 0
92 92 0
18 18 1
78 78 1
39 39 1
94 94 1
90 90 1
4 4 1
24 24 1
93 93 0
82 82 0
51 51 0
33 33 0
35 35 1
80 80 1
77 77 0
91 91 0
10 10 0
21 21 0
30 30 1
52 52 0
71 71 0
61 61 0
20 20 1
73 73 0
13 13 0
42 42 0
70 70 0
25 25 0
81 81 1
1 1 0
17 17 1
88 88 0
75 75 0
8 8 1
11 11 1
40 40 0
22 22 1
100 100 0
86 86 1
9 9 0
69 69 0
2 2 1
84 84 1
74 74 1
38 38 0
68 68 1
6 6 1
54 54 1
53 53 1
31 31 0
26 26 1
98 98 0
59 59 0
49 49 0
19 19 0
14 14 1
56 56 0
32 32 0
7 7 0
48 48 1
28 28 1
63 63 0
67 67 0
45 45 1
43 43 0
36 36 1
57 57 1
5 5 0
37 37 0
50 50 0
65 65 1
95 95 1
23 23 0
97 45 710994507648193
68 68 1
51 51 0
35 35 1
14 14 0
15 15 0
97 97 0
60 60 1
24 24 0
64 64 1
61 61 0
55 55 1
94 94 0
59 59 0
1 1 1
43 43 0
74 74 1
12 12 1
41 41 1
27 27 1
72 72 0
19 19 1
28 28 1
89 89 0
91 91 1
45 45 1
6 6 0
79 79 0
13 13 1
3 3 1
66 66 1
70 70 1
7 7 1
39 39 1
92 92 1
16 16 1
82 82 1
9 9 0
88 88 0
56 56 0
80 80 1
93 93 0
83 83 0
57 57 1
78 78 0
31 31 1
98 41 52634228387170820
19 19 1
10 10 1
34 34 1
74 74 1
80 80 1
92 92 1
96 96 0
3 3 1
79 79 0
32 32 1
86 86 1
81 81 0
33 33 0
35 35 0
30 30 0
1 1 0
48 48 0
16 16 0
11 11 0
44 44 0
45 45 0
15 15 1
8 8 1
58 58 0
91 91 0
39 39 1
71 71 0
13 13 0
42 42 0
72 72 0
83 83 0
90 90 0
43 43 1
41 41 0
95 95 0
2 2 0
87 87 1
36 36 1
56 56 1
38 38 1
12 12 1
100 4 915356845843955940
75 75 0
73 73 0
63 63 0
40 40 1
92 16 473398126144678405
4 4 1
26 26 0
82 82 1
59 59 0
36 36 1
24 24 1
80 80 0
43 43 1
52 52 0
27 27 1
22 22 1
47 47 0
6 6 1
75 75 1
12 12 0
33 33 1
96 61 11859875355
86 86 1
57 57 1
69 69 1
27 27 1
24 24 0
25 25 1
39 39 0
19 19 1
52 52 0
67 67 0
38 38 0
18 18 0
15 15 0
77 77 0
53 53 1
88 88 0
83 83 0
90 90 1
75 75 1
79 79 0
26 26 1
96 96 0
95 95 0
41 41 0
20 20 0
76 76 0
51 51 0
70 70 0
80 80 0
63 63 0
84 84 0
4 4 1
73 73 0
7 7 1
64 64 0
37 37 1
10 10 1
11 11 1
6 6 0
45 45 0
1 1 0
56 56 1
61 61 1
91 91 0
55 55 0
46 46 0
94 94 0
50 50 0
85 85 0
89 89 1
13 13 1
42 42 1
71 71 0
62 62 1
22 22 0
68 68 0
12 12 1
93 93 0
9 9 0
17 17 0
33 33 1
94 32 338887144013761803
82 82 1
57 57 0
24 24 0
92 92 0
60 60 1
67 67 1
27 27 1
42 42 1
55 55 0
25 25 0
44 44 1
12 12 0
38 38 0
34 34 0
30 30 1
87 87 0
54 54 1
76 76 1
20 20 0
58 58 0
59 59 0
18 18 0
8 8 0
74 74 0
84 84 1
86 86 0
48 48 0
31 31 1
5 5 1
91 91 0
16 16 0
39 39 0
94 48 56319213770587
5 5 0
51 51 1
9 9 0
62 62 0
52 52 0
28 28 0
32 32 0
38 38 1
37 37 0
8 8 0
68 68 1
83 83 1
50 50 0
23 23 1
19 19 0
72 72 1
31 31 1
20 20 1
73 73 0
15 15 1
33 33 1
63 63 1
61 61 1
55 55 0
17 17 1
69 69 1
86 86 0
21 21 1
53 53 1
64 64 1
87 87 0
43 43 1
13 13 0
93 93 1
81 81 1
89 89 1
18 18 1
56 56 1
35 35 0
2 2 0
29 29 1
94 94 0
46 46 1
90 90 1
4 4 0
1 1 0
11 11 0
65 65 1
95 3 645010639303998695
70 70 1
21 21 1
37 37 1
99 94 19
67 67 1
41 41 1
89 89 0
78 78 1
56 56 1
73 73 0
24 24 0
96 96 0
57 57 0
95 95 0
40 40 1
84 84 1
76 76 1
30 30 1
26 26 0
74 74 0
88 88 0
75 75 0
20 20 0
50 50 0
2 2 1
51 51 1
36 36 0
3 3 0
47 47 0
39 39 1
92 92 0
7 7 1
45 45 0
17 17 0
11 11 1
44 44 0
52 52 0
61 61 1
25 25 0
94 94 0
22 22 1
13 13 1
72 72 1
97 97 0
80 80 1
4 4 1
18 18 1
14 14 0
31 31 0
66 66 0
6 6 0
16 16 1
83 83 1
65 65 0
19 19 0
60 60 1
62 62 0
99 99 0
33 33 0
68 68 0
23 23 1
77 77 1
70 70 0
91 91 1
10 10 0
55 55 1
98 98 0
53 53 1
87 87 1
35 35 0
27 27 1
42 42 0
5 5 1
63 63 1
21 21 1
86 86 1
32 32 0
43 43 0
85 85 1
81 81 1
28 28 0
29 29 1
59 59 0
8 8 1
69 69 1
12 12 0
54 54 0
9 9 0
48 48 0
93 93 1
34 34 1
46 46 1
37 37 1
71 71 0
64 64 0
82 82 0
90 90 0
79 79 0
93 75 69546
89 89 0
21 21 0
80 80 0
62 62 1
70 70 1
13 13 0
32 32 1
85 85 1
90 90 1
67 67 1
43 43 0
66 66 1
84 84 1
92 92 1
50 50 0
93 93 1
28 28 0
15 15 1
82 82 1
49 49 0
20 20 0
64 64 0
25 25 1
46 46 0
17 17 1
91 91 1
53 53 0
37 37 1
11 11 0
41 41 1
63 63 0
44 44 0
78 78 0
54 54 1
86 86 0
68 68 1
24 24 1
2 2 0
47 47 0
14 14 0
75 75 1
8 8 0
6 6 0
87 87 0
71 71 0
18 18 1
35 35 0
59 59 0
29 29 1
60 60 0
5 5 0
27 27 0
81 81 1
42 42 1
56 56 0
45 45 1
22 22 1
73 73 1
55 55 1
38 38 0
3 3 0
36 36 1
34 34 1
88 88 0
4 4 0
1 1 1
23 23 0
7 7 0
9 9 0
72 72 0
61 61 1
19 19 1
76 76 1
74 74 1
48 48 0
6 6 1
2 2 0
6 6 1
4 4 1
5 5 0
1 1 0
3 3 0
93 89 7
81 81 0
24 24 1
26 26 0
33 33 0
63 63 1
91 91 0
88 88 0
60 60 0
14 14 1
76 76 0
6 6 0
71 71 0
30 30 0
44 44 1
90 90 0
79 79 1
78 78 1
18 18 1
25 25 0
34 34 0
20 20 1
83 83 1
19 19 1
67 67 0
17 17 0
66 66 0
43 43 0
68 68 0
61 61 0
69 69 0
10 10 0
42 42 0
80 80 0
87 87 1
65 65 1
86 86 1
4 4 0
52 52 0
3 3 1
1 1 1
51 51 0
37 37 0
35 35 1
64 64 0
84 84 0
27 27 1
13 13 1
46 46 1
75 75 1
31 31 1
62 62 1
48 48 0
93 93 0
41 41 1
2 2 1
28 28 1
22 22 1
82 82 1
53 53 0
47 47 1
50 50 1
16 16 1
7 7 0
74 74 0
23 23 1
92 92 1
72 72 1
15 15 0
89 89 0
55 55 0
12 12 1
21 21 0
32 32 0
39 39 0
85 85 1
54 54 0
38 38 0
58 58 1
5 5 1
70 70 0
45 45 1
29 29 1
77 77 0
49 49 1
9 9 0
11 11 0
36 36 0
57 57 0
40 40 1
93 11 482308587989214123
70 70 1
8 8 1
55 55 1
42 42 0
59 59 0
22 22 0
7 7 1
78 78 0
33 33 0
49 49 0
90 90 0
92 38 16410421917425234
86 86 1
25 25 1
4 4 1
59 59 0
34 34 1
68 68 0
2 2 0
37 37 1
32 32 1
23 23 1
73 73 1
87 87 0
21 21 1
3 3 1
49 49 0
70 70 0
8 8 0
22 22 0
53 53 0
88 88 1
12 12 1
16 16 1
71 71 0
29 29 0
45 45 0
64 64 0
6 6 0
65 65 1
57 57 1
33 33 0
84 84 0
78 78 0
62 62 1
63 63 0
89 89 0
66 66 0
46 46 1
30 30 0
93 24 840144854446030555
32 32 1
62 62 0
44 44 0
7 7 0
87 87 0
19 19 0
56 56 1
61 61 1
59 59 1
25 25 0
69 69 0
17 17 1
78 78 1
14 14 0
64 64 1
29 29 0
21 21 0
45 45 0
42 42 1
27 27 0
26 26 0
24 24 1
35 35 0
33 33 0
98 67 653731385
84 84 1
94 94 0
71 71 0
10 10 0
43 43 1
90 90 0
3 3 0
64 64 1
2 2 0
91 91 1
6 6 0
5 5 1
85 85 0
97 97 0
37 37 0
75 75 1
18 18 1
24 24 1
32 32 1
98 98 0
47 47 0
72 72 1
55 55 1
66 66 1
52 52 1
16 16 0
38 38 1
41 41 0
93 93 0
76 76 1
61 61 1
1 1 1
87 87 1
15 15 1
26 26 1
36 36 1
34 34 1
58 58 1
69 69 1
33 33 0
63 63 0
80 80 0
13 13 1
51 51 1
86 86 1
60 60 1
30 30 1
70 70 1
17 17 0
62 62 1
21 21 1
59 59 1
20 20 1
96 96 0
65 65 0
28 28 0
53 53 1
4 4 1
92 92 1
8 8 1
46 46 1
45 45 0
48 48 0
19 19 1
23 23 0
39 39 0
79 79 0
8 8 1
3 3 1
2 2 0
6 6 1
1 1 1
8 8 0
7 7 1
5 5 1
4 4 1
94 57 122840849066
71 71 1
56 56 1
25 25 1
58 58 1
61 61 1
48 48 0
16 16 1
93 93 0
80 80 1
73 73 0
62 62 1
1 1 1
35 35 1
64 64 0
44 44 1
83 83 1
65 65 0
6 6 1
32 32 1
55 55 0
88 88 1
14 14 0
24 24 0
90 90 0
45 45 1
72 72 1
38 38 1
57 57 1
37 37 1
5 5 1
75 75 1
36 36 0
30 30 0
69 69 1
39 39 0
92 92 1
3 3 1
47 47 1
18 18 1
46 46 1
94 94 0
7 7 0
79 79 0
11 11 1
77 77 0
50 50 1
43 43 0
85 85 0
27 27 1
33 33 1
4 4 1
21 21 0
20 20 0
67 67 0
81 81 1
54 54 1
49 49 1
98 33 238181744391531327
88 88 0
49 49 0
90 90 1
47 47 1
21 21 1
96 96 0
56 56 0
66 66 1
67 67 1
77 77 1
16 16 1
58 58 0
60 60 1
44 44 0
94 94 1
9 9 0
72 72 0
25 25 0
53 53 1
14 14 0
91 91 0
93 93 1
78 78 1
68 68 0
27 27 0
75 75 0
71 71 0
39 39 1
17 17 1
34 34 1
3 3 0
2 2 1
74 74 0
98 44 12098060943168844
85 85 1
60 60 1
87 87 1
94 94 0
72 72 1
11 11 0
3 3 0
55 55 1
14 14 1
22 22 1
4 4 1
97 97 0
1 1 1
47 47 0
32 32 1
6 6 0
33 33 1
13 13 0
45 45 0
20 20 0
23 23 1
7 7 1
21 21 1
77 77 1
9 9 0
57 57 1
89 89 1
80 80 1
74 74 1
28 28 0
36 36 1
82 82 0
70 70 0
67 67 1
29 29 0
25 25 0
37 37 0
71 71 1
78 78 0
68 68 1
50 50 0
15 15 0
43 43 0
19 19 0
93 18 330056480251997322
26 26 1
16 16 1
72 72 1
56 56 1
12 12 1
81 81 1
17 17 0
13 13 0
8 8 0
89 89 1
22 22 0
23 23 0
70 70 0
61 61 0
47 47 0
4 4 0
45 45 1
80 80 0
95 75 177218
65 65 1
82 82 1
39 39 1
6 6 1
94 94 0
56 56 0
36 36 0
46 46 1
29 29 1
42 42 0
68 68 1
95 95 0
50 50 1
52 52 1
20 20 0
53 53 1
37 37 1
54 54 0
40 40 1
92 92 1
62 62 0
57 57 0
2 2 1
10 10 1
3 3 1
84 84 0
76 76 0
58 58 1
7 7 0
74 74 0
35 35 1
21 21 1
19 19 1
1 1 1
87 87 1
60 60 0
70 70 1
80 80 1
64 64 1
73 73 0
14 14 1
41 41 1
11 11 0
47 47 1
5 5 0
24 24 1
78 78 1
26 26 0
79 79 0
88 88 0
72 72 1
34 34 1
18 18 1
32 32 1
77 77 0
83 83 0
16 16 1
31 31 1
22 22 1
15 15 1
69 69 0
59 59 0
43 43 1
51 51 1
9 9 0
28 28 1
23 23 0
25 25 1
27 27 0
38 38 0
86 86 0
17 17 0
71 71 1
12 12 1
49 49 1
95 58 90518909460
7 7 0
5 5 0
40 40 1
15 15 0
50 50 1
44 44 1
8 8 0
1 1 0
48 48 0
19 19 0
45 45 1
66 66 1
81 81 0
73 73 1
14 14 0
77 77 0
11 11 1
57 57 1
16 16 1
24 24 1
49 49 0
52 52 0
71 71 0
33 33 0
6 6 0
35 35 1
34 34 0
69 69 0
13 13 0
18 18 1
21 21 1
72 72 1
25 25 1
94 94 1
51 51 0
29 29 1
64 64 1
61 61 1
46 46 1
31 31 1
20 20 0
60 60 1
82 82 1
78 78 1
43 43 1
87 87 0
63 63 1
12 12 1
79 79 0
42 42 1
92 92 0
84 84 1
62 62 0
59 59 0
91 91 0
95 95 0
85 85 1
74 74 1
93 31 882808781513027148
34 34 0
3 3 0
70 70 1
91 91 0
55 55 1
47 47 0
28 28 1
88 88 0
54 54 0
49 49 1
89 89 0
10 10 0
80 80 0
71 71 0
18 18 0
43 43 1
67 67 1
31 31 0
75 75 0
90 90 0
23 23 1
19 19 1
39 39 0
44 44 0
4 4 0
20 20 0
41 41 1
86 86 1
52 52 1
78 78 0
11 11 1
5 1 6
2 2 1
98 26 752190427580993228
13 13 0
60 60 1
54 54 1
33 33 1
92 92 0
11 11 0
62 62 1
57 57 0
24 24 0
1 1 1
3 3 1
20 20 0
18 18 0
89 89 0
71 71 0
16 16 1
32 32 0
91 91 0
48 48 0
87 87 1
39 39 0
27 27 0
85 85 1
66 66 1
64 64 1
90 90 0
97 30 748923049805283844
23 23 0
68 68 1
2 2 0
73 73 0
96 96 1
88 88 1
67 67 0
33 33 0
51 51 0
63 63 0
81 81 1
38 38 0
3 3 1
64 64 1
77 77 0
56 56 0
14 14 0
71 71 1
87 87 0
90 90 0
4 4 0
29 29 1
57 57 1
45 45 1
5 5 1
91 91 1
49 49 1
32 32 0
55 55 0
13 13 1
99 13 383027402058753567
36 36 0
72 72 1
24 24 1
3 3 0
17 17 0
89 89 0
15 15 0
76 76 0
62 62 1
8 8 0
67 67 1
82 82 1
38 38 1
91 59 70281280
59 59 0
46 46 0
37 37 1
89 89 1
6 6 0
45 45 1
62 62 1
80 80 1
88 88 1
21 21 0
8 8 1
71 71 1
15 15 1
78 78 0
43 43 1
82 82 0
31 31 0
86 86 1
27 27 1
56 56 1
73 73 0
9 9 0
35 35 0
29 29 0
19 19 1
77 77 1
61 61 0
67 67 1
22 22 0
34 34 1
3 3 0
5 5 1
39 39 1
90 90 1
66 66 0
48 48 1
54 54 1
72 72 1
74 74 1
84 84 1
14 14 1
7 7 1
51 51 1
16 16 0
33 33 0
57 57 0
69 69 1
81 81 0
50 50 0
85 85 0
70 70 1
83 83 1
36 36 1
40 40 1
23 23 0
1 1 0
30 30 0
24 24 1
91 91 0
93 66 132448553
50 50 0
71 71 0
93 93 0
63 63 0
33 33 1
3 3 1
22 22 0
17 17 0
59 59 0
16 16 1
83 83 0
6 6 0
30 30 1
92 92 0
9 9 0
62 62 1
37 37 1
10 10 0
48 48 0
13 13 1
29 29 1
14 14 1
20 20 0
4 4 0
18 18 1
26 26 1
47 47 1
87 87 1
43 43 0
57 57 0
19 19 1
69 69 0
82 82 1
80 80 0
67 67 0
15 15 0
32 32 0
61 61 1
52 52 1
42 42 0
75 75 1
86 86 0
44 44 1
74 74 0
1 1 0
53 53 0
36 36 1
77 77 0
31 31 0
34 34 1
84 84 1
66 66 1
78 78 1
64 64 1
23 23 0
8 8 1
45 45 1
21 21 1
89 89 0
27 27 1
65 65 1
55 55 1
28 28 0
40 40 1
39 39 1
2 2 1
95 71 8469471
65 65 0
3 3 1
15 15 0
24 24 0
94 94 0
52 52 1
57 57 0
80 80 0
22 22 1
16 16 1
60 60 1
71 71 0
26 26 1
68 68 0
82 82 1
13 13 0
91 91 1
56 56 1
5 5 1
43 43 1
10 10 1
7 7 0
34 34 0
67 67 1
37 37 0
88 88 0
21 21 1
11 11 1
23 23 0
81 81 1
1 1 1
86 86 1
74 74 1
92 92 1
6 6 1
49 49 1
18 18 0
83 83 0
33 33 1
55 55 1
32 32 0
12 12 0
39 39 0
41 41 0
40 40 1
2 2 0
79 79 1
69 69 0
77 77 1
17 17 0
76 76 1
9 9 1
84 84 1
95 95 1
30 30 1
85 85 0
51 51 0
58 58 0
72 72 0
73 73 0
8 8 1
64 64 1
25 25 1
89 89 1
63 63 0
36 36 1
93 93 0
53 53 0
90 90 0
4 4 0
61 61 0
97 44 8181512926294752
22 22 0
65 65 0
17 17 0
83 83 1
78 78 1
9 9 1
13 13 1
49 49 1
12 12 1
27 27 1
18 18 0
52 52 1
80 80 1
88 88 0
1 1 0
75 75 0
34 34 1
68 68 0
72 72 1
59 59 1
60 60 0
61 61 1
10 10 0
8 8 1
69 69 1
45 45 1
76 76 1
51 51 0
43 43 0
70 70 1
73 73 1
30 30 0
92 92 0
44 44 1
74 74 0
81 81 0
37 37 1
46 46 1
54 54 0
40 40 1
94 94 0
90 90 1
28 28 0
14 14 0
93 54 484627685842
2 2 1
69 69 0
78 78 1
63 63 0
61 61 1
83 83 1
70 70 0
34 34 0
68 68 1
45 45 0
25 25 0
89 89 1
80 80 1
86 86 1
14 14 1
29 29 0
57 57 1
15 15 1
11 11 1
50 50 1
59 59 0
7 7 0
32 32 0
27 27 1
35 35 0
54 54 1
91 91 1
85 85 0
76 76 0
12 12 1
66 66 0
9 9 0
18 18 1
77 77 0
79 79 1
28 28 0
39 39 0
13 13 1
62 62 1
4 4 1
90 90 1
1 1 1
56 56 1
40 40 1
19 19 0
55 55 1
31 31 1
60 60 1
23 23 1
41 41 0
6 6 1
47 47 1
51 51 0
24 24 0
100 100 1
1 1 0
2 2 0
3 3 1
4 4 0
5 5 0
6 6 1
7 7 0
8 8 0
9 9 0
10 10 0
11 11 1
12 12 0
13 13 1
14 14 1
15 15 0
16 16 0
17 17 1
18 18 0
19 19 1
20 20 1
21 21 0
22 22 1
23 23 0
24 24 1
25 25 1
26 26 0
27 27 1
28 28 0
29 29 0
30 30 0
31 31 0
32 32 0
33 33 1
34 34 0
35 35 1
36 36 0
37 37 1
38 38 1
39 39 0
40 40 1
41 41 1
42 42 1
43 43 1
44 44 1
45 45 0
46 46 1
47 47 0
48 48 0
49 49 1
50 50 0
51 51 0
52 52 0
53 53 1
54 54 1
55 55 0
56 56 1
57 57 0
58 58 0
59 59 1
60 60 1
61 61 1
62 62 1
63 63 1
64 64 0
65 65 1
66 66 0
67 67 1
68 68 1
69 69 1
70 70 1
71 71 1
72 72 1
73 73 1
74 74 0
75 75 0
76 76 0
77 77 1
78 78 0
79 79 0
80 80 1
81 81 0
82 82 0
83 83 0
84 84 1
85 85 0
86 86 1
87 87 1
88 88 1
89 89 0
90 90 0
91 91 0
92 92 1
93 93 0
94 94 1
95 95 0
96 96 0
97 97 0
98 98 1
99 99 1
100 100 1
94 87 118
82 82 1
61 61 1
16 16 0
49 49 0
83 83 0
69 69 1
40 40 0
50 50 0
32 32 0
91 91 0
80 80 1
11 11 1
27 27 1
29 29 1
68 68 1
17 17 0
41 41 0
86 86 1
48 48 1
2 2 0
57 57 1
30 30 0
66 66 0
35 35 1
14 14 0
71 71 0
92 92 0
89 89 0
56 56 1
46 46 0
13 13 0
10 10 0
79 79 0
84 84 1
65 65 1
43 43 1
93 93 0
23 23 0
53 53 0
6 6 0
64 64 1
63 63 1
58 58 0
60 60 0
36 36 1
88 88 0
55 55 1
3 3 1
59 59 0
15 15 0
28 28 1
22 22 0
81 81 1
31 31 1
37 37 1
21 21 0
75 75 1
18 18 0
12 12 0
45 45 0
78 78 0
42 42 0
20 20 0
67 67 1
70 70 1
19 19 0
47 47 0
8 8 0
39 39 1
24 24 0
90 90 1
5 5 1
4 4 0
25 25 0
26 26 1
94 94 0
72 72 1
85 85 0
76 76 0
33 33 1
73 73 0
62 62 0
1 1 1
51 51 1
77 77 1
7 7 0
9 9 1
94 69 14107675
38 38 0
82 82 0
28 28 1
66 66 0
31 31 1
51 51 1
35 35 1
92 92 1
94 94 1
7 7 1
36 36 0
63 63 1
67 67 1
49 49 0
62 62 0
50 50 0
85 85 1
12 12 0
24 24 1
71 71 1
14 14 1
41 41 1
78 78 1
16 16 0
6 6 1
18 18 0
64 64 1
44 44 1
76 76 1
48 48 0
21 21 0
5 5 1
56 56 0
30 30 0
9 9 1
79 79 1
59 59 1
60 60 0
26 26 0
74 74 0
54 54 1
20 20 1
46 46 1
17 17 1
57 57 1
61 61 0
37 37 1
72 72 0
13 13 1
83 83 1
23 23 1
10 10 1
93 93 0
43 43 1
39 39 0
90 90 1
15 15 0
55 55 1
29 29 1
4 4 1
58 58 0
75 75 1
86 86 0
91 91 1
69 69 1
47 47 1
22 22 1
52 52 1
89 89 1
94 42 943967109635203
2 2 1
94 94 1
49 49 1
80 80 1
40 40 0
73 73 0
22 22 1
46 46 0
59 59 1
29 29 0
4 4 0
44 44 1
39 39 0
66 66 1
77 77 0
28 28 1
7 7 1
11 11 1
26 26 1
78 78 1
70 70 1
16 16 0
19 19 0
69 69 0
48 48 1
55 55 0
20 20 0
82 82 0
41 41 0
8 8 1
14 14 1
31 31 0
50 50 0
51 51 1
92 92 1
47 47 1
57 57 0
58 58 0
15 15 0
74 74 0
38 38 0
65 65 0
97 85 4072
45 45 0
87 87 1
33 33 0
53 53 0
26 26 0
79 79 1
4 4 1
66 66 0
73 73 1
43 43 1
72 72 1
59 59 0
77 77 1
40 40 1
9 9 1
34 34 1
14 14 1
35 35 0
75 75 1
51 51 0
71 71 1
8 8 0
39 39 0
61 61 0
83 83 1
93 93 1
86 86 0
27 27 0
42 42 0
21 21 0
11 11 1
82 82 1
31 31 1
55 55 0
58 58 0
20 20 0
89 89 1
65 65 0
15 15 1
25 25 0
32 32 0
62 62 0
50 50 1
16 16 0
68 68 1
28 28 1
91 91 1
90 90 1
57 57 0
60 60 1
30 30 0
44 44 0
47 47 0
52 52 1
5 5 0
48 48 1
80 80 0
63 63 0
1 1 1
17 17 0
96 96 0
97 97 0
23 23 1
84 84 1
10 10 1
56 56 0
67 67 1
78 78 0
13 13 1
64 64 1
41 41 0
36 36 1
81 81 0
19 19 0
29 29 1
49 49 0
94 94 0
54 54 0
74 74 1
69 69 0
12 12 1
7 7 1
95 95 0
70 70 0
3 3 0
92 53 141432083066
68 68 0
62 62 1
14 14 0
3 3 0
59 59 1
72 72 1
46 46 0
66 66 1
28 28 1
42 42 0
48 48 0
10 10 0
34 34 0
90 90 0
9 9 0
81 81 1
43 43 1
35 35 0
74 74 1
87 87 0
26 26 1
61 61 0
36 36 1
79 79 0
21 21 0
52 52 1
7 7 0
56 56 1
65 65 0
57 57 0
25 25 1
54 54 1
12 12 1
23 23 0
44 44 1
89 89 1
85 85 1
76 76 0
39 39 1
51 51 1
84 84 1
47 47 0
50 50 0
18 18 1
11 11 0
82 82 0
83 83 0
73 73 0
41 41 0
75 75 1
91 91 1
19 19 1
4 4 0
100 19 645116971170102201
86 86 0
37 37 1
66 66 1
96 96 0
62 62 1
93 93 1
99 99 1
39 39 1
78 78 0
89 89 1
79 79 1
42 42 1
19 19 1
91 91 1
29 29 0
41 41 1
97 97 1
61 61 1
65 65 0
9 6 5
1 1 1
4 4 1
3 3 1
5 5 0
2 2 0
6 6 1
98 13 740212803116191297
83 83 1
87 87 1
12 12 0
5 5 1
64 64 0
16 16 1
56 56 1
91 91 1
25 25 1
60 60 1
4 4 0
14 14 1
98 98 0
98 37 72734908872903999
94 94 0
42 42 0
71 71 1
77 77 0
80 80 1
56 56 1
30 30 1
95 95 1
31 31 0
35 35 1
6 6 1
86 86 0
41 41 1
32 32 0
25 25 0
82 82 1
51 51 1
92 92 0
93 93 0
10 10 1
50 50 1
72 72 0
8 8 1
91 91 0
11 11 0
96 96 0
62 62 1
14 14 1
27 27 1
53 53 1
18 18 0
89 89 1
88 88 1
69 69 1
75 75 0
98 98 1
36 36 1
99 31 6127926555892732
35 35 1
28 28 0
74 74 1
45 45 1
53 53 1
29 29 0
15 15 1
83 83 0
12 12 0
65 65 0
68 68 1
5 5 0
93 93 1
87 87 1
90 90 1
75 75 0
70 70 0
55 55 1
91 91 0
71 71 1
77 77 1
42 42 0
31 31 0
37 37 1
32 32 1
40 40 0
66 66 0
67 67 1
78 78 0
80 80 1
23 23 1
95 33 341963763908324108
92 92 0
58 58 1
72 72 1
3 3 1
52 52 1
1 1 1
23 23 1
48 48 1
40 40 1
41 41 0
79 79 1
29 29 1
86 86 0
56 56 0
54 54 0
16 16 0
50 50 1
90 90 1
37 37 0
70 70 1
94 94 1
20 20 1
66 66 1
77 77 0
95 95 1
69 69 1
84 84 0
46 46 1
22 22 1
75 75 0
12 12 1
49 49 0
33 33 1
98 49 161103060927743
6 6 1
86 86 0
47 47 1
27 27 1
59 59 1
17 17 1
46 46 0
78 78 1
62 62 0
75 75 1
74 74 0
48 48 0
3 3 1
95 95 0
89 89 0
29 29 1
54 54 1
60 60 0
69 69 0
28 28 0
35 35 1
85 85 0
33 33 1
64 64 0
34 34 1
68 68 1
24 24 0
80 80 1
15 15 1
56 56 1
40 40 1
13 13 1
71 71 0
38 38 1
61 61 1
53 53 1
67 67 0
25 25 0
73 73 1
43 43 1
31 31 1
66 66 0
45 45 0
88 88 0
44 44 0
55 55 1
79 79 1
81 81 1
36 36 0
95 70 18614100
37 37 1
79 79 0
3 3 1
45 45 1
49 49 1
53 53 1
30 30 1
84 84 0
17 17 0
29 29 1
69 69 0
74 74 0
5 5 1
50 50 0
62 62 1
90 90 1
54 54 0
76 76 0
1 1 1
32 32 0
31 31 1
65 65 0
52 52 1
15 15 1
78 78 1
71 71 1
28 28 1
41 41 1
36 36 0
86 86 0
61 61 1
34 34 0
94 94 1
8 8 1
25 25 0
73 73 0
18 18 0
22 22 1
23 23 1
44 44 1
91 91 1
46 46 0
14 14 1
72 72 0
13 13 1
33 33 1
92 92 1
4 4 0
48 48 0
56 56 0
93 93 1
67 67 0
26 26 1
2 2 1
7 7 1
10 10 0
70 70 0
55 55 1
42 42 1
35 35 1
85 85 1
88 88 1
95 95 1
6 6 1
60 60 1
12 12 0
38 38 1
89 89 1
40 40 0
47 47 0
94 16 832054686819614792
25 25 1
14 14 0
80 80 0
44 44 0
20 20 1
62 62 0
1 1 1
29 29 1
90 90 1
71 71 1
3 3 1
63 63 0
88 88 1
16 16 0
91 91 0
35 35 0
91 33 80540138295807215
38 38 0
87 87 1
59 59 0
88 88 1
57 57 0
61 61 1
62 62 1
86 86 0
29 29 1
1 1 1
89 89 1
77 77 0
58 58 1
36 36 0
82 82 1
4 4 1
69 69 0
75 75 1
52 52 0
79 79 0
10 10 1
35 35 0
21 21 1
39 39 0
85 85 0
30 30 0
25 25 1
51 51 0
50 50 1
90 90 1
12 12 0
74 74 1
28 28 0
