100
93 3 41623489477251868
73 73 0
67 67 0
30 30 1
98 85 7960
12 12 1
50 50 1
55 55 1
28 28 1
42 42 0
68 68 1
78 78 0
2 2 0
51 51 1
34 34 0
36 36 0
48 48 1
24 24 1
61 61 1
62 62 1
26 26 1
16 16 0
30 30 0
93 93 1
13 13 0
10 10 1
91 91 0
27 27 0
19 19 1
11 11 1
77 77 1
63 63 0
32 32 1
82 82 0
74 74 1
67 67 1
37 37 0
64 64 0
86 86 0
66 66 0
81 81 1
89 89 0
1 1 0
29 29 0
6 6 0
75 75 0
4 4 1
44 44 1
38 38 1
58 58 0
20 20 0
72 72 1
54 54 0
69 69 0
71 71 1
45 45 1
49 49 0
60 60 0
94 94 0
18 18 0
21 21 0
59 59 0
90 90 1
52 52 1
87 87 1
5 5 0
9 9 0
43 43 1
65 65 0
23 23 0
56 56 1
76 76 0
83 83 1
41 41 0
14 14 0
96 96 0
40 40 1
25 25 0
80 80 1
95 95 0
46 46 0
92 92 0
35 35 1
33 33 1
73 73 0
79 79 1
84 84 1
47 47 0
17 17 0
57 57 0
98 88 949
2 2 0
86 86 0
93 93 1
97 97 0
56 56 1
88 88 1
4 4 1
29 29 1
76 76 0
16 16 0
33 33 0
3 3 1
57 57 1
11 11 0
17 17 0
9 9 1
65 65 1
83 83 1
45 45 1
91 91 1
84 84 1
60 60 0
89 89 0
68 68 0
75 75 1
28 28 0
34 34 0
52 52 0
27 27 1
72 72 0
96 96 0
39 39 1
71 71 0
70 70 0
22 22 1
31 31 1
37 37 0
51 51 1
47 47 1
77 77 1
64 64 0
61 61 1
44 44 1
1 1 0
23 23 0
53 53 1
87 87 0
79 79 1
49 49 1
18 18 0
80 80 1
50 50 0
42 42 1
66 66 1
74 74 0
5 5 0
15 15 0
6 6 0
25 25 0
54 54 0
21 21 0
12 12 1
14 14 1
26 26 1
98 98 0
95 95 1
69 69 0
20 20 1
78 78 0
82 82 1
40 40 0
73 73 1
10 10 0
38 38 0
30 30 1
43 43 0
85 85 1
48 48 0
19 19 0
13 13 1
63 63 1
62 62 1
92 92 1
58 58 0
81 81 0
8 8 1
41 41 0
35 35 0
92 78 12040
38 38 0
74 74 0
25 25 1
67 67 0
65 65 1
54 54 0
27 27 0
89 89 1
33 33 1
79 79 0
64 64 1
77 77 1
28 28 0
78 78 1
12 12 0
66 66 1
50 50 0
41 41 0
47 47 0
85 85 0
48 48 1
6 6 1
18 18 0
88 88 1
14 14 1
60 60 0
71 71 1
80 80 0
58 58 1
59 59 0
11 11 0
16 16 0
52 52 0
57 57 1
40 40 0
43 43 1
37 37 0
83 83 1
35 35 1
4 4 1
8 8 1
7 7 1
69 69 0
63 63 1
10 10 0
17 17 1
13 13 1
86 86 1
15 15 1
76 76 0
68 68 0
34 34 1
32 32 0
84 84 1
62 62 1
92 92 0
31 31 1
26 26 1
3 3 0
61 61 0
91 91 1
9 9 1
56 56 1
19 19 1
81 81 0
2 2 0
42 42 0
21 21 0
87 87 1
55 55 1
73 73 1
29 29 0
30 30 1
23 23 0
22 22 0
45 45 1
53 53 1
5 5 0
92 27 499487900600027881
39 39 0
11 11 1
65 65 1
46 46 0
25 25 1
90 90 1
31 31 0
38 38 0
35 35 0
17 17 0
28 28 1
48 48 0
40 40 1
70 70 1
66 66 1
88 88 1
12 12 0
92 92 0
59 59 1
73 73 1
52 52 1
89 89 1
13 13 0
42 42 1
64 64 0
41 41 0
83 83 1
95 15 186440473505135399
38 38 1
79 79 1
26 26 0
73 73 1
25 25 1
59 59 1
9 9 1
27 27 0
87 87 1
94 94 1
19 19 0
83 83 0
85 85 1
75 75 1
37 37 1
99 84 23129
56 56 0
79 79 0
6 6 0
43 43 1
23 23 1
7 7 0
24 24 1
76 76 1
60 60 1
92 92 0
50 50 0
49 49 1
91 91 1
4 4 0
31 31 0
2 2 1
96 96 1
73 73 0
53 53 0
74 74 1
15 15 0
75 75 0
99 99 0
18 18 1
51 51 1
19 19 1
88 88 1
5 5 1
78 78 0
70 70 0
48 48 0
8 8 1
67 67 0
68 68 0
13 13 0
11 11 0
21 21 0
1 1 0
3 3 0
77 77 0
69 69 1
55 55 1
81 81 0
29 29 1
90 90 0
98 98 0
37 37 0
61 61 1
42 42 0
64 64 0
94 94 1
39 39 1
65 65 0
28 28 1
83 83 0
89 89 1
47 47 0
14 14 1
72 72 1
84 84 0
12 12 1
34 34 0
71 71 1
63 63 1
66 66 0
9 9 1
46 46 1
33 33 1
62 62 1
26 26 0
85 85 1
58 58 1
86 86 0
44 44 1
57 57 1
52 52 0
87 87 1
10 10 0
54 54 0
59 59 0
36 36 1
40 40 1
41 41 0
45 45 1
96 92 8
27 27 1
56 56 1
24 24 0
46 46 1
58 58 1
59 59 1
78 78 0
3 3 1
38 38 1
65 65 0
74 74 1
11 11 1
94 94 1
28 28 1
88 88 0
41 41 0
85 85 1
86 86 1
64 64 0
14 14 0
95 95 1
34 34 0
67 67 1
63 63 1
50 50 1
62 62 1
81 81 1
87 87 0
73 73 1
89 89 1
75 75 1
69 69 0
80 80 1
26 26 1
53 53 0
57 57 0
72 72 0
82 82 1
25 25 1
1 1 1
29 29 0
84 84 1
43 43 1
66 66 1
54 54 0
76 76 1
4 4 0
47 47 1
9 9 1
79 79 1
12 12 1
96 96 1
44 44 0
30 30 0
36 36 0
39 39 1
93 93 0
52 52 0
90 90 1
49 49 1
55 55 0
19 19 1
71 71 0
16 16 0
70 70 1
42 42 0
77 77 1
68 68 0
60 60 1
20 20 1
2 2 0
5 5 0
37 37 0
61 61 1
31 31 1
23 23 1
35 35 0
10 10 1
17 17 0
6 6 1
32 32 0
45 45 0
13 13 0
22 22 1
8 8 0
91 91 1
33 33 1
51 51 1
48 48 1
15 15 1
92 92 1
18 18 1
97 24 43934361975069323
27 27 0
59 59 0
22 22 0
10 10 1
36 36 0
40 40 1
23 23 1
94 94 0
96 96 0
46 46 0
39 39 0
1 1 0
75 75 1
55 55 1
62 62 0
91 91 0
49 49 0
65 65 0
71 71 0
25 25 0
72 72 1
58 58 1
13 13 1
68 68 0
10 9 1
5 5 0
3 3 1
4 4 0
2 2 0
8 8 1
10 10 1
6 6 0
9 9 1
1 1 0
96 80 62309
42 42 0
20 20 1
13 13 1
14 14 0
76 76 0
66 66 1
1 1 0
75 75 0
12 12 1
22 22 1
5 5 0
6 6 1
51 51 1
83 83 0
26 26 1
62 62 0
10 10 1
40 40 0
48 48 0
59 59 1
65 65 1
71 71 0
57 57 1
81 81 0
2 2 0
72 72 1
21 21 1
45 45 1
90 90 0
50 50 0
43 43 1
68 68 1
36 36 0
86 86 1
61 61 1
11 11 0
58 58 1
18 18 0
41 41 1
60 60 1
93 93 1
3 3 0
94 94 0
32 32 1
84 84 0
69 69 0
39 39 0
52 52 0
88 88 1
7 7 1
33 33 0
63 63 1
4 4 0
37 37 1
49 49 0
28 28 0
24 24 1
91 91 1
80 80 1
56 56 1
95 95 1
29 29 0
67 67 0
54 54 0
44 44 0
64 64 0
25 25 0
31 31 0
70 70 1
47 47 0
77 77 1
17 17 1
78 78 1
92 92 0
23 23 1
35 35 0
73 73 0
16 16 0
82 82 0
8 8 1
9 5 10
4 4 0
8 8 0
7 7 0
6 6 0
9 9 1
91 17 496347595327651507
13 13 0
90 90 0
84 84 1
40 40 0
49 49 1
43 43 1
30 30 1
47 47 1
67 67 0
18 18 0
59 59 1
91 91 1
82 82 1
10 10 1
66 66 1
51 51 1
14 14 1
96 90 59
5 5 0
83 83 0
29 29 0
26 26 1
62 62 0
3 3 0
63 63 0
96 96 0
65 65 1
56 56 0
60 60 1
13 13 1
42 42 0
70 70 0
86 86 0
10 10 0
4 4 0
51 51 1
17 17 1
79 79 0
69 69 1
38 38 0
35 35 0
23 23 0
20 20 0
34 34 1
8 8 1
40 40 1
2 2 1
47 47 1
1 1 1
39 39 0
24 24 1
45 45 0
84 84 0
89 89 0
57 57 1
54 54 0
92 92 0
46 46 0
78 78 1
94 94 1
74 74 1
25 25 1
37 37 1
81 81 1
76 76 1
59 59 0
53 53 0
43 43 0
55 55 0
18 18 0
85 85 0
82 82 1
87 87 0
16 16 0
41 41 0
90 90 1
19 19 1
14 14 1
52 52 1
30 30 1
50 50 0
66 66 0
61 61 1
31 31 1
77 77 0
36 36 0
48 48 0
67 67 0
80 80 1
73 73 1
91 91 1
58 58 1
49 49 0
28 28 1
7 7 1
9 9 0
75 75 0
71 71 0
33 33 1
64 64 0
11 11 0
95 95 1
21 21 0
27 27 0
15 15 0
68 68 0
22 22 1
6 6 0
91 59 1010132495
9 9 1
45 45 0
8 8 0
61 61 1
36 36 1
63 63 1
60 60 1
47 47 1
56 56 1
3 3 0
25 25 1
78 78 0
66 66 1
84 84 1
14 14 0
12 12 0
58 58 1
24 24 1
5 5 0
64 64 0
19 19 1
81 81 1
71 71 1
43 43 0
18 18 1
48 48 1
83 83 0
16 16 1
67 67 1
39 39 0
2 2 0
77 77 1
26 26 1
41 41 0
74 74 0
79 79 0
44 44 0
68 68 1
32 32 1
23 23 0
88 88 0
85 85 1
40 40 0
69 69 0
29 29 0
70 70 1
50 50 0
76 76 0
20 20 0
73 73 0
55 55 0
30 30 0
82 82 1
72 72 0
6 6 0
65 65 1
4 4 1
91 91 0
22 22 1
97 10 889474224771898485
51 51 0
73 73 1
44 44 0
78 78 0
66 66 0
88 88 0
15 15 0
31 31 1
14 14 0
43 43 1
100 12 989612903532404074
22 22 0
33 33 0
11 11 0
13 13 0
7 7 1
4 4 0
6 6 1
18 18 0
25 25 1
81 81 0
84 84 1
31 31 0
92 57 30038281862
19 19 0
25 25 0
78 78 1
24 24 0
31 31 1
74 74 0
51 51 1
90 90 0
56 56 0
54 54 0
48 48 1
86 86 0
17 17 1
83 83 1
45 45 0
87 87 0
82 82 1
14 14 0
46 46 0
70 70 1
21 21 0
36 36 0
26 26 1
38 38 0
50 50 0
49 49 1
81 81 0
20 20 0
91 91 0
61 61 0
16 16 1
3 3 0
88 88 0
10 10 1
59 59 0
42 42 0
11 11 1
41 41 0
76 76 1
7 7 1
30 30 1
4 4 0
22 22 0
29 29 1
64 64 1
33 33 0
65 65 0
63 63 1
28 28 1
15 15 1
27 27 1
53 53 0
35 35 1
12 12 1
92 92 0
47 47 1
39 39 0
99 36 441151333163458303
56 56 1
78 78 1
54 54 1
65 65 1
7 7 0
26 26 1
28 28 0
47 47 0
34 34 0
50 50 1
88 88 1
97 97 0
49 49 0
46 46 0
4 4 1
42 42 1
9 9 1
39 39 1
57 57 1
14 14 0
94 94 0
86 86 0
82 82 1
62 62 0
96 96 1
43 43 0
59 59 0
12 12 1
70 70 1
68 68 0
71 71 1
77 77 0
61 61 0
93 93 1
45 45 0
80 80 1
94 71 5570113
71 71 0
11 11 1
92 92 1
10 10 1
16 16 1
15 15 1
40 40 0
78 78 0
14 14 1
27 27 1
60 60 0
33 33 0
17 17 1
2 2 0
54 54 1
34 34 1
68 68 1
20 20 0
73 73 0
53 53 0
50 50 0
43 43 1
46 46 0
55 55 1
21 21 0
9 9 1
77 77 0
42 42 1
52 52 1
3 3 1
32 32 0
72 72 1
35 35 0
47 47 1
94 94 0
19 19 0
82 82 0
30 30 1
28 28 0
44 44 1
63 63 1
29 29 0
74 74 0
89 89 1
18 18 0
7 7 1
80 80 0
88 88 0
24 24 1
8 8 0
22 22 1
76 76 1
64 64 0
51 51 1
37 37 0
13 13 1
39 39 0
26 26 1
6 6 0
4 4 1
58 58 0
91 91 0
45 45 1
31 31 1
67 67 0
23 23 0
5 5 0
41 41 0
70 70 1
75 75 1
66 66 1
99 93 38
58 58 0
86 86 1
45 45 0
31 31 1
79 79 0
28 28 0
29 29 1
98 98 1
54 54 0
12 12 0
30 30 1
2 2 0
75 75 0
49 49 0
61 61 1
10 10 0
78 78 0
87 87 0
62 62 0
77 77 0
5 5 0
70 70 0
76 76 1
74 74 1
63 63 0
51 51 1
60 60 1
84 84 0
99 99 1
80 80 0
57 57 0
19 19 1
34 34 0
67 67 0
33 33 0
40 40 1
44 44 0
92 92 1
94 94 1
37 37 1
97 97 1
22 22 1
82 82 0
17 17 0
39 39 0
71 71 0
13 13 0
25 25 0
73 73 0
11 11 0
56 56 0
27 27 0
66 66 0
23 23 1
72 72 1
3 3 1
35 35 0
36 36 0
18 18 1
59 59 1
93 93 0
89 89 1
47 47 1
83 83 1
55 55 0
95 95 1
65 65 1
8 8 1
38 38 1
24 24 0
4 4 1
48 48 0
88 88 1
43 43 1
53 53 1
9 9 0
41 41 0
96 96 1
26 26 0
50 50 0
85 85 1
14 14 0
42 42 0
32 32 0
81 81 1
15 15 0
69 69 0
64 64 1
21 21 0
52 52 1
46 46 1
20 20 0
68 68 0
100 32 919235372786365393
13 13 0
42 42 0
49 49 1
41 41 1
80 80 1
67 67 1
36 36 0
22 22 0
48 48 0
21 21 1
60 60 0
100 100 0
79 79 0
6 6 1
31 31 0
91 91 0
89 89 0
93 93 1
17 17 1
16 16 1
62 62 1
69 69 1
81 81 1
27 27 0
61 61 0
92 92 0
74 74 0
56 56 0
10 10 1
32 32 1
19 19 0
85 85 0
6 5 1
1 1 1
5 5 0
6 6 1
3 3 0
2 2 0
94 72 1124976
71 71 0
10 10 0
90 90 1
62 62 1
28 28 0
86 86 0
16 16 1
78 78 0
9 9 1
72 72 1
56 56 0
93 93 0
20 20 0
63 63 1
4 4 0
14 14 1
32 32 0
6 6 1
25 25 1
68 68 0
92 92 1
29 29 0
55 55 1
84 84 1
49 49 1
42 42 1
15 15 1
23 23 1
54 54 1
91 91 0
57 57 0
61 61 0
51 51 1
45 45 1
77 77 0
81 81 0
12 12 1
89 89 1
66 66 0
18 18 1
2 2 1
39 39 1
17 17 1
88 88 0
33 33 0
24 24 1
38 38 0
43 43 1
75 75 1
37 37 0
5 5 0
27 27 0
30 30 1
31 31 0
46 46 1
60 60 0
22 22 1
83 83 1
34 34 0
73 73 0
79 79 1
87 87 0
85 85 1
50 50 1
69 69 0
80 80 0
82 82 1
7 7 1
64 64 1
52 52 1
21 21 1
13 13 1
99 95 2
69 69 1
91 91 0
94 94 0
33 33 0
44 44 1
84 84 0
2 2 1
43 43 1
35 35 0
66 66 0
57 57 0
77 77 1
72 72 0
24 24 1
96 96 0
50 50 1
41 41 0
86 86 1
28 28 1
15 15 1
90 90 0
87 87 1
40 40 0
14 14 1
8 8 1
74 74 0
13 13 1
47 47 1
36 36 1
61 61 1
89 89 1
17 17 1
70 70 1
45 45 1
98 98 0
80 80 1
62 62 1
12 12 1
5 5 0
82 82 1
18 18 1
71 71 0
30 30 0
49 49 1
73 73 0
64 64 0
81 81 0
56 56 0
20 20 0
38 38 0
59 59 0
19 19 0
76 76 1
68 68 1
79 79 0
48 48 0
95 95 0
60 60 0
58 58 0
54 54 0
11 11 1
26 26 1
93 93 1
92 92 1
34 34 0
6 6 1
99 99 1
83 83 0
16 16 0
67 67 1
7 7 1
9 9 1
88 88 1
51 51 0
23 23 1
85 85 0
42 42 0
21 21 1
25 25 1
46 46 1
1 1 0
65 65 0
53 53 0
75 75 0
39 39 1
22 22 1
31 31 1
27 27 1
29 29 0
55 55 0
52 52 0
4 4 1
78 78 0
63 63 0
37 37 0
97 60 30058181783
39 39 0
58 58 1
75 75 1
96 96 0
54 54 1
1 1 0
56 56 0
65 65 1
60 60 1
79 79 0
33 33 1
23 23 1
16 16 0
87 87 1
19 19 1
29 29 1
30 30 0
97 97 1
7 7 1
49 49 1
17 17 1
50 50 1
94 94 0
73 73 0
12 12 0
84 84 0
38 38 1
52 52 1
78 78 1
67 67 1
74 74 1
47 47 1
61 61 0
8 8 0
31 31 1
70 70 1
76 76 1
88 88 0
80 80 1
53 53 1
66 66 1
68 68 1
2 2 0
3 3 0
32 32 1
28 28 1
77 77 1
51 51 1
10 10 1
89 89 1
4 4 0
95 95 0
42 42 1
5 5 1
71 71 1
57 57 1
41 41 0
22 22 0
15 15 1
43 43 1
94 53 914203899947
67 67 1
53 53 1
74 74 1
6 6 0
40 40 1
69 69 0
1 1 0
61 61 0
38 38 1
86 86 0
37 37 1
65 65 1
15 15 0
76 76 0
2 2 1
71 71 1
49 49 0
63 63 0
43 43 0
29 29 1
35 35 0
39 39 1
45 45 1
57 57 0
9 9 0
22 22 1
27 27 1
36 36 0
64 64 1
83 83 0
25 25 1
28 28 1
14 14 1
5 5 0
84 84 1
46 46 1
34 34 0
13 13 1
10 10 0
26 26 0
16 16 1
32 32 1
62 62 0
48 48 0
70 70 0
81 81 0
4 4 0
7 7 0
88 88 0
20 20 0
79 79 0
75 75 0
33 33 1
99 11 599089835984863452
64 64 0
98 98 0
88 88 0
87 87 1
60 60 1
52 52 1
56 56 0
47 47 1
43 43 0
1 1 0
51 51 1
91 63 144508946
51 51 1
91 91 0
41 41 0
85 85 0
6 6 1
12 12 1
62 62 1
70 70 1
83 83 0
50 50 0
46 46 0
65 65 1
44 44 1
52 52 0
90 90 0
60 60 1
48 48 1
57 57 0
1 1 0
75 75 1
45 45 1
49 49 0
80 80 1
89 89 1
8 8 1
54 54 1
84 84 0
61 61 0
77 77 0
35 35 1
82 82 0
58 58 0
34 34 1
87 87 0
32 32 0
86 86 1
68 68 1
2 2 1
59 59 0
17 17 1
21 21 1
66 66 0
71 71 0
10 10 1
4 4 1
30 30 1
7 7 1
18 18 1
79 79 1
27 27 1
39 39 1
14 14 1
47 47 0
43 43 1
15 15 1
76 76 0
69 69 1
78 78 0
9 9 0
88 88 1
26 26 1
42 42 1
5 5 1
5 2 4
5 5 0
4 4 0
93 41 3047566499544209
84 84 0
43 43 1
65 65 1
83 83 1
48 48 0
39 39 0
17 17 0
23 23 0
2 2 1
16 16 0
91 91 1
67 67 0
80 80 1
93 93 0
47 47 1
79 79 1
36 36 1
50 50 0
4 4 0
15 15 1
13 13 1
7 7 0
44 44 0
72 72 0
77 77 1
41 41 0
64 64 0
86 86 1
71 71 0
59 59 1
19 19 1
34 34 1
68 68 1
37 37 0
69 69 1
76 76 1
42 42 1
63 63 1
82 82 1
45 45 1
3 3 1
100 72 126332738
76 76 0
64 64 0
35 35 0
15 15 1
72 72 0
17 17 0
27 27 1
21 21 0
86 86 0
29 29 0
87 87 0
39 39 1
40 40 1
5 5 0
83 83 1
46 46 1
8 8 1
66 66 0
22 22 1
30 30 1
78 78 1
96 96 1
48 48 0
18 18 0
89 89 0
55 55 0
4 4 1
43 43 1
45 45 0
34 34 1
32 32 0
88 88 0
44 44 1
33 33 1
28 28 0
80 80 1
38 38 0
79 79 1
2 2 1
13 13 0
56 56 0
61 61 0
58 58 1
90 90 1
41 41 1
62 62 1
20 20 0
36 36 0
16 16 1
68 68 1
67 67 0
94 94 1
14 14 0
7 7 0
63 63 1
12 12 0
37 37 0
50 50 1
26 26 0
71 71 0
1 1 1
70 70 1
77 77 0
52 52 1
59 59 1
57 57 0
24 24 1
98 98 0
74 74 1
3 3 1
31 31 0
92 92 1
100 59 1259597425079
74 74 0
77 77 0
53 53 1
98 98 0
41 41 1
54 54 0
75 75 0
91 91 1
83 83 1
17 17 0
34 34 1
55 55 0
60 60 0
67 67 1
85 85 0
36 36 1
39 39 0
99 99 1
35 35 1
86 86 0
92 92 1
93 93 1
19 19 1
15 15 1
66 66 1
42 42 0
44 44 0
72 72 0
2 2 1
18 18 0
78 78 1
14 14 1
29 29 1
51 51 0
16 16 0
89 89 0
64 64 1
43 43 1
1 1 1
20 20 0
65 65 1
10 10 1
49 49 0
40 40 0
57 57 1
84 84 0
4 4 1
32 32 0
82 82 1
13 13 1
63 63 0
7 7 0
68 68 0
62 62 0
87 87 0
26 26 0
56 56 0
94 94 0
47 47 1
91 74 70522
20 20 0
25 25 1
50 50 1
23 23 0
26 26 1
71 71 0
36 36 0
47 47 0
2 2 0
59 59 0
85 85 0
28 28 1
42 42 0
62 62 1
72 72 1
61 61 1
18 18 0
68 68 0
89 89 1
9 9 0
17 17 1
27 27 1
3 3 0
10 10 0
64 64 1
48 48 1
45 45 1
65 65 1
86 86 0
16 16 1
49 49 1
34 34 1
83 83 1
56 56 1
7 7 1
73 73 0
5 5 0
58 58 1
37 37 1
66 66 1
79 79 1
54 54 1
30 30 0
60 60 1
22 22 0
75 75 1
81 81 1
24 24 0
15 15 0
13 13 0
78 78 0
82 82 0
70 70 1
21 21 0
46 46 1
31 31 0
90 90 0
52 52 0
84 84 1
69 69 1
19 19 1
6 6 0
74 74 0
88 88 0
4 4 0
80 80 0
41 41 0
43 43 0
32 32 1
77 77 0
1 1 0
40 40 0
14 14 0
38 38 0
91 77 12468
31 31 0
1 1 0
63 63 0
18 18 0
48 48 0
71 71 1
17 17 1
51 51 1
42 42 0
15 15 0
49 49 1
32 32 1
38 38 0
62 62 0
86 86 1
28 28 1
21 21 0
6 6 1
33 33 1
58 58 1
7 7 0
67 67 0
14 14 1
54 54 0
74 74 0
2 2 0
27 27 0
77 77 1
72 72 0
52 52 0
82 82 0
53 53 1
36 36 1
16 16 0
85 85 0
35 35 0
78 78 1
76 76 1
79 79 0
37 37 0
64 64 0
8 8 1
80 80 0
90 90 1
60 60 1
11 11 0
22 22 0
29 29 0
70 70 0
44 44 1
69 69 0
41 41 1
24 24 0
5 5 1
73 73 1
87 87 1
23 23 1
26 26 0
30 30 0
10 10 1
4 4 1
75 75 1
19 19 1
55 55 0
20 20 1
39 39 1
59 59 0
40 40 1
81 81 0
65 65 1
45 45 1
56 56 0
88 88 1
47 47 0
13 13 1
3 3 0
66 66 1
93 77 46553
64 64 1
76 76 1
30 30 1
42 42 1
52 52 0
16 16 1
91 91 1
10 10 1
49 49 0
43 43 0
6 6 1
48 48 1
24 24 1
80 80 1
65 65 1
13 13 1
86 86 1
17 17 1
55 55 0
73 73 0
33 33 1
54 54 0
36 36 1
79 79 1
25 25 1
28 28 0
84 84 1
78 78 1
2 2 1
37 37 0
45 45 1
31 31 1
74 74 1
26 26 1
70 70 0
1 1 1
39 39 0
18 18 0
67 67 0
83 83 0
92 92 0
8 8 1
47 47 1
93 93 1
11 11 1
46 46 0
89 89 1
22 22 0
87 87 0
69 69 1
56 56 0
21 21 0
62 62 1
59 59 1
90 90 0
82 82 1
5 5 0
4 4 1
32 32 0
66 66 1
58 58 1
29 29 0
35 35 0
88 88 1
15 15 0
50 50 1
23 23 1
72 72 0
81 81 0
53 53 0
9 9 1
85 85 0
60 60 1
77 77 1
61 61 1
3 3 0
75 75 1
99 88 1245
86 86 0
63 63 1
80 80 1
58 58 0
36 36 1
13 13 1
85 85 1
56 56 1
73 73 0
60 60 1
72 72 0
15 15 0
18 18 1
22 22 0
94 94 1
95 95 0
14 14 1
11 11 1
70 70 0
37 37 0
74 74 0
52 52 1
50 50 1
27 27 1
7 7 1
24 24 1
87 87 0
64 64 1
35 35 0
47 47 0
26 26 1
33 33 1
61 61 1
49 49 1
65 65 0
75 75 1
34 34 1
16 16 0
41 41 0
69 69 0
8 8 0
3 3 1
12 12 1
96 96 0
62 62 0
31 31 1
43 43 0
25 25 1
5 5 1
76 76 0
99 99 0
1 1 0
89 89 1
90 90 0
91 91 0
81 81 1
83 83 1
67 67 0
59 59 0
48 48 1
98 98 0
68 68 1
54 54 1
92 92 0
30 30 1
4 4 1
29 29 0
66 66 1
6 6 1
84 84 1
93 93 0
2 2 1
23 23 1
21 21 1
53 53 1
28 28 0
42 42 0
19 19 1
82 82 1
40 40 0
57 57 1
97 97 0
44 44 1
9 9 0
10 10 1
46 46 1
71 71 1
38 38 0
92 91 2
14 14 1
11 11 0
56 56 0
41 41 0
16 16 1
86 86 1
40 40 1
22 22 0
70 70 1
12 12 1
51 51 1
72 72 1
77 77 1
30 30 0
7 7 1
58 58 1
6 6 1
18 18 0
71 71 1
92 92 0
5 5 1
46 46 0
90 90 0
61 61 1
78 78 0
63 63 1
52 52 0
79 79 0
8 8 1
32 32 1
24 24 0
80 80 1
49 49 1
2 2 0
53 53 1
31 31 1
75 75 1
88 88 0
50 50 1
26 26 0
68 68 0
20 20 0
38 38 0
15 15 1
83 83 0
84 84 0
60 60 1
34 34 0
1 1 0
44 44 0
81 81 1
89 89 0
73 73 1
85 85 0
55 55 1
48 48 0
39 39 1
57 57 1
66 66 0
3 3 1
69 69 0
29 29 0
64 64 0
47 47 1
37 37 0
4 4 0
43 43 1
59 59 1
91 91 0
54 54 1
9 9 0
21 21 1
35 35 1
17 17 0
42 42 1
36 36 0
82 82 1
65 65 1
87 87 1
19 19 1
74 74 0
33 33 0
62 62 1
23 23 1
28 28 0
13 13 0
45 45 1
25 25 0
76 76 0
27 27 1
10 10 0
98 6 902777322764086794
1 1 1
12 12 0
2 2 1
58 58 1
24 24 0
79 79 0
96 23 3021621017079327
70 70 0
10 10 0
88 88 1
76 76 0
64 64 1
90 90 1
83 83 1
17 17 0
59 59 0
4 4 0
19 19 0
78 78 1
27 27 1
23 23 1
94 94 0
15 15 0
69 69 0
18 18 1
25 25 1
55 55 0
84 84 0
93 93 1
75 75 1
99 2 539877910830694437
81 81 0
32 32 1
100 80 39473
59 59 0
3 3 1
70 70 0
99 99 1
23 23 0
97 97 1
100 100 0
80 80 0
78 78 0
15 15 0
17 17 0
69 69 0
2 2 0
52 52 1
79 79 1
45 45 0
73 73 0
98 98 0
87 87 1
61 61 1
31 31 1
53 53 0
13 13 1
85 85 0
81 81 1
74 74 1
11 11 0
39 39 1
34 34 1
9 9 1
95 95 1
21 21 0
29 29 0
76 76 1
86 86 1
32 32 0
25 25 1
94 94 1
30 30 1
20 20 0
51 51 1
35 35 0
64 64 1
6 6 0
84 84 0
66 66 0
67 67 1
82 82 0
89 89 1
88 88 1
4 4 0
54 54 1
43 43 1
1 1 0
60 60 1
62 62 0
63 63 0
92 92 0
40 40 1
68 68 1
72 72 1
75 75 1
22 22 0
10 10 1
33 33 1
19 19 0
50 50 0
46 46 0
91 91 1
58 58 1
71 71 1
37 37 0
28 28 1
38 38 0
93 93 1
41 41 0
96 96 1
26 26 0
8 8 0
48 48 0
99 73 39803892
47 47 1
48 48 1
24 24 1
78 78 1
95 95 1
42 42 0
44 44 0
17 17 1
22 22 0
32 32 0
36 36 0
87 87 1
81 81 1
25 25 0
27 27 1
96 96 0
69 69 0
10 10 0
37 37 1
39 39 0
91 91 0
68 68 1
19 19 0
34 34 1
94 94 1
72 72 0
20 20 0
21 21 0
4 4 0
55 55 1
99 99 0
15 15 1
30 30 0
61 61 0
73 73 1
93 93 1
11 11 1
5 5 1
16 16 1
85 85 0
63 63 1
70 70 1
49 49 0
90 90 0
79 79 0
28 28 1
33 33 0
45 45 1
38 38 1
98 98 0
35 35 1
40 40 0
92 92 1
13 13 1
74 74 1
83 83 0
97 97 0
50 50 1
9 9 0
76 76 0
7 7 0
59 59 0
64 64 0
3 3 1
65 65 1
1 1 0
89 89 1
8 8 0
57 57 0
66 66 0
18 18 0
62 62 0
77 77 1
100 7 827110592327115618
34 34 1
20 20 0
79 79 0
7 7 0
100 100 1
15 15 1
82 82 1
93 44 352676209894439
90 90 1
49 49 1
58 58 1
34 34 0
30 30 1
6 6 0
53 53 1
20 20 0
91 91 1
23 23 0
10 10 0
61 61 1
39 39 1
86 86 0
68 68 0
78 78 0
56 56 0
55 55 0
54 54 1
12 12 1
40 40 1
38 38 0
33 33 1
48 48 0
72 72 0
83 83 1
75 75 0
73 73 1
70 70 0
3 3 0
51 51 1
24 24 0
93 93 0
8 8 1
76 76 1
18 18 1
11 11 1
64 64 0
80 80 1
17 17 0
89 89 0
28 28 1
77 77 1
63 63 0
96 38 44357311600462782
66 66 0
21 21 1
47 47 0
93 93 1
45 45 1
34 34 1
54 54 1
22 22 1
19 19 1
5 5 1
16 16 0
76 76 0
27 27 1
77 77 0
40 40 0
61 61 1
84 84 1
81 81 1
14 14 0
63 63 1
37 37 0
39 39 1
31 31 1
92 92 1
41 41 1
56 56 0
49 49 1
8 8 1
32 32 0
18 18 1
29 29 1
60 60 1
12 12 1
85 85 1
90 90 1
48 48 1
3 3 1
72 72 1
95 9 722670123478320443
94 94 0
68 68 1
4 4 1
82 82 0
72 72 0
56 56 1
70 70 1
86 86 1
73 73 1
9 9 1
8 8 1
9 9 0
2 2 1
3 3 1
5 5 0
4 4 0
1 1 0
7 7 0
6 6 1
97 12 21421163103415794
46 46 0
82 82 0
2 2 0
69 69 1
87 87 1
81 81 1
24 24 1
80 80 1
94 94 0
21 21 1
37 37 0
19 19 1
96 63 8195811658
51 51 0
63 63 0
34 34 0
22 22 1
83 83 1
90 90 0
42 42 1
7 7 0
78 78 0
64 64 1
44 44 1
95 95 1
1 1 1
6 6 0
71 71 0
94 94 0
69 69 0
54 54 0
53 53 0
65 65 1
85 85 1
67 67 0
17 17 0
11 11 0
74 74 1
72 72 1
91 91 0
25 25 0
45 45 0
27 27 0
26 26 1
55 55 1
30 30 1
37 37 1
10 10 1
79 79 0
14 14 1
24 24 0
89 89 1
35 35 1
3 3 0
70 70 0
80 80 1
47 47 1
32 32 1
39 39 1
4 4 0
2 2 1
18 18 1
84 84 0
60 60 1
9 9 1
36 36 0
31 31 0
16 16 1
56 56 0
76 76 1
96 96 0
12 12 1
82 82 0
49 49 1
93 93 0
48 48 1
8 3 2
8 8 1
1 1 0
6 6 1
92 89 3
44 44 1
90 90 1
30 30 1
33 33 0
58 58 0
86 86 1
4 4 1
71 71 1
88 88 1
7 7 1
72 72 0
17 17 0
23 23 0
74 74 1
39 39 0
60 60 0
16 16 1
69 69 1
47 47 1
45 45 1
59 59 1
41 41 0
19 19 0
50 50 0
15 15 0
43 43 0
36 36 1
89 89 0
77 77 0
14 14 1
64 64 0
10 10 0
54 54 0
29 29 1
68 68 0
49 49 1
35 35 0
1 1 0
70 70 1
63 63 1
11 11 1
51 51 0
22 22 0
28 28 0
52 52 0
6 6 1
38 38 0
80 80 1
56 56 0
87 87 1
53 53 1
26 26 1
18 18 1
78 78 1
85 85 1
75 75 0
79 79 0
5 5 1
24 24 1
83 83 1
21 21 0
37 37 0
57 57 1
92 92 1
27 27 1
62 62 0
32 32 1
48 48 1
42 42 1
2 2 0
81 81 0
3 3 1
66 66 1
20 20 0
31 31 1
46 46 0
12 12 0
13 13 1
55 55 1
40 40 0
61 61 0
82 82 0
73 73 0
9 9 0
25 25 1
91 91 1
34 34 0
8 8 0
76 76 1
100 25 722636194951383258
16 16 0
89 89 0
93 93 0
70 70 0
99 99 1
75 75 1
37 37 1
10 10 1
59 59 0
45 45 0
6 6 1
73 73 0
76 76 0
55 55 0
57 57 0
58 58 0
95 95 1
3 3 1
87 87 0
54 54 1
11 11 1
41 41 0
13 13 1
81 81 0
63 63 1
91 63 22781206
7 7 1
71 71 1
20 20 0
56 56 0
45 45 0
86 86 1
37 37 1
65 65 0
10 10 0
4 4 1
59 59 0
54 54 1
43 43 1
80 80 1
15 15 1
47 47 1
53 53 1
14 14 1
76 76 1
62 62 0
70 70 1
79 79 0
87 87 1
36 36 0
27 27 1
51 51 1
89 89 1
66 66 0
22 22 0
50 50 0
82 82 1
17 17 0
72 72 0
40 40 0
11 11 1
83 83 0
64 64 1
18 18 0
3 3 1
67 67 0
13 13 1
16 16 1
81 81 0
74 74 0
32 32 0
73 73 1
78 78 1
19 19 0
30 30 1
88 88 0
77 77 1
25 25 1
28 28 0
58 58 0
21 21 0
33 33 0
8 8 0
44 44 1
75 75 0
42 42 1
85 85 1
26 26 0
6 6 1
7 5 4
2 2 1
6 6 1
3 3 0
5 5 1
1 1 0
92 43 163754560378212
13 13 1
74 74 0
35 35 1
78 78 0
15 15 1
76 76 1
42 42 0
11 11 1
87 87 1
66 66 1
48 48 1
84 84 1
80 80 0
58 58 1
49 49 1
27 27 0
54 54 1
56 56 1
30 30 1
17 17 0
33 33 0
50 50 1
20 20 1
71 71 0
64 64 1
4 4 1
45 45 1
6 6 0
65 65 0
75 75 0
28 28 0
86 86 1
12 12 0
43 43 1
25 25 0
79 79 1
53 53 1
21 21 0
44 44 1
40 40 0
14 14 1
67 67 0
72 72 1
100 100 1
1 1 0
2 2 0
3 3 1
4 4 0
5 5 1
6 6 1
7 7 1
8 8 0
9 9 0
10 10 1
11 11 0
12 12 1
13 13 0
14 14 0
15 15 0
16 16 0
17 17 0
18 18 0
19 19 1
20 20 0
21 21 1
22 22 1
23 23 0
24 24 0
25 25 1
26 26 0
27 27 1
28 28 1
29 29 0
30 30 1
31 31 1
32 32 1
33 33 1
34 34 0
35 35 0
36 36 1
37 37 1
38 38 0
39 39 1
40 40 0
41 41 0
42 42 0
43 43 0
44 44 0
45 45 1
46 46 1
47 47 0
48 48 0
49 49 0
50 50 1
51 51 0
52 52 1
53 53 1
54 54 0
55 55 1
56 56 0
57 57 1
58 58 1
59 59 1
60 60 1
61 61 0
62 62 1
63 63 1
64 64 1
65 65 1
66 66 1
67 67 1
68 68 0
69 69 1
70 70 1
71 71 0
72 72 1
73 73 0
74 74 1
75 75 1
76 76 1
77 77 0
78 78 1
79 79 0
80 80 1
81 81 0
82 82 0
83 83 1
84 84 1
85 85 0
86 86 0
87 87 1
88 88 0
89 89 1
90 90 0
91 91 0
92 92 0
93 93 1
94 94 0
95 95 0
96 96 1
97 97 0
98 98 0
99 99 0
100 100 1
91 83 192
16 16 0
91 91 1
68 68 1
49 49 0
77 77 0
90 90 0
72 72 1
34 34 1
55 55 1
13 13 1
11 11 0
9 9 0
12 12 1
46 46 1
80 80 0
54 54 1
82 82 0
81 81 1
59 59 0
63 63 1
74 74 1
18 18 1
40 40 0
36 36 0
14 14 1
45 45 1
86 86 0
50 50 1
67 67 0
8 8 0
66 66 0
79 79 0
39 39 0
30 30 0
28 28 1
62 62 1
51 51 1
84 84 1
70 70 1
21 21 0
42 42 1
7 7 1
25 25 0
83 83 0
27 27 1
37 37 1
89 89 1
23 23 0
61 61 1
31 31 0
85 85 0
4 4 1
2 2 0
3 3 1
53 53 1
17 17 0
60 60 0
69 69 0
10 10 0
48 48 0
26 26 1
88 88 0
32 32 1
33 33 0
1 1 1
19 19 1
65 65 0
24 24 0
35 35 0
75 75 0
47 47 1
71 71 1
76 76 1
15 15 1
22 22 0
87 87 1
57 57 0
29 29 1
73 73 0
38 38 1
6 6 1
5 5 0
20 20 0
96 90 35
18 18 1
1 1 0
24 24 0
47 47 1
66 66 1
74 74 1
41 41 1
90 90 0
85 85 1
12 12 1
70 70 1
40 40 1
67 67 0
82 82 1
91 91 0
36 36 1
50 50 1
93 93 0
52 52 0
23 23 0
3 3 1
78 78 1
45 45 0
7 7 1
79 79 1
55 55 0
39 39 0
96 96 0
61 61 0
34 34 1
20 20 0
28 28 0
68 68 0
81 81 1
51 51 0
77 77 1
76 76 1
9 9 1
54 54 1
94 94 0
89 89 0
38 38 1
30 30 1
35 35 1
95 95 1
49 49 0
46 46 1
27 27 1
37 37 1
31 31 1
4 4 0
6 6 1
42 42 0
59 59 1
14 14 1
11 11 1
29 29 0
86 86 1
63 63 0
87 87 0
19 19 0
64 64 0
73 73 0
15 15 1
44 44 0
88 88 0
65 65 1
22 22 1
26 26 1
10 10 0
32 32 1
17 17 0
25 25 0
72 72 1
69 69 1
53 53 1
57 57 0
62 62 0
21 21 0
43 43 0
48 48 1
92 92 1
60 60 0
56 56 1
16 16 1
2 2 0
8 8 0
58 58 1
84 84 0
83 83 0
93 64 170121321
11 11 0
69 69 1
25 25 0
92 92 1
79 79 0
22 22 1
81 81 0
21 21 0
85 85 1
75 75 1
61 61 0
57 57 1
26 26 1
53 53 0
47 47 1
6 6 1
24 24 0
40 40 1
36 36 0
73 73 0
17 17 1
65 65 1
30 30 0
63 63 1
29 29 0
20 20 1
64 64 0
71 71 1
16 16 1
43 43 0
67 67 0
44 44 1
51 51 1
18 18 0
28 28 0
4 4 1
5 5 1
39 39 0
48 48 1
83 83 0
35 35 1
89 89 0
84 84 0
15 15 1
32 32 0
45 45 1
9 9 1
49 49 1
70 70 1
87 87 1
3 3 0
86 86 1
38 38 1
78 78 1
52 52 0
42 42 0
90 90 1
55 55 0
34 34 0
76 76 1
27 27 1
66 66 0
10 10 0
93 93 0
96 57 170951404474
45 45 1
28 28 0
25 25 0
79 79 0
74 74 0
4 4 1
70 70 0
64 64 0
17 17 1
91 91 0
88 88 0
77 77 0
46 46 0
29 29 0
75 75 0
33 33 0
96 96 0
48 48 1
12 12 0
65 65 1
5 5 1
6 6 1
78 78 0
51 51 1
73 73 1
43 43 1
82 82 1
11 11 0
39 39 0
41 41 0
19 19 0
81 81 1
30 30 0
42 42 1
66 66 0
83 83 0
94 94 1
89 89 1
40 40 1
36 36 0
67 67 1
63 63 1
7 7 0
44 44 1
3 3 0
57 57 0
10 10 0
85 85 1
86 86 0
18 18 1
58 58 0
27 27 0
93 93 0
61 61 1
60 60 1
23 23 1
35 35 0
98 64 14252997353
40 40 0
32 32 0
56 56 0
71 71 1
47 47 0
45 45 1
63 63 1
4 4 1
29 29 1
27 27 0
21 21 1
31 31 0
69 69 1
82 82 1
92 92 1
59 59 1
37 37 1
10 10 0
39 39 0
25 25 0
60 60 1
84 84 1
7 7 0
6 6 1
53 53 0
76 76 1
90 90 0
20 20 0
33 33 1
95 95 0
93 93 1
78 78 1
72 72 0
55 55 0
18 18 1
1 1 1
68 68 0
87 87 0
62 62 1
94 94 1
14 14 1
80 80 0
74 74 1
13 13 1
15 15 0
52 52 0
86 86 0
44 44 1
85 85 0
61 61 0
5 5 1
46 46 0
38 38 0
96 96 1
24 24 0
35 35 0
42 42 0
54 54 1
75 75 1
30 30 1
34 34 1
58 58 0
26 26 0
57 57 0
99 83 59114
6 6 1
58 58 1
75 75 0
36 36 0
17 17 0
5 5 0
84 84 1
49 49 1
73 73 0
74 74 1
66 66 0
34 34 0
10 10 1
83 83 1
45 45 1
33 33 0
95 95 0
4 4 1
40 40 1
64 64 0
57 57 0
77 77 0
31 31 1
81 81 1
93 93 0
41 41 1
11 11 1
70 70 0
60 60 1
91 91 1
68 68 1
42 42 0
48 48 0
63 63 0
21 21 0
13 13 0
22 22 0
78 78 0
52 52 0
80 80 1
67 67 0
27 27 1
39 39 1
98 98 0
25 25 1
79 79 0
20 20 1
69 69 1
89 89 0
46 46 0
16 16 0
18 18 1
23 23 1
12 12 1
29 29 0
72 72 0
96 96 0
76 76 0
97 97 1
94 94 0
71 71 0
53 53 0
28 28 0
14 14 0
99 99 1
44 44 0
30 30 1
85 85 0
32 32 1
7 7 1
9 9 1
47 47 0
8 8 1
3 3 0
24 24 1
92 92 1
59 59 1
43 43 1
86 86 0
90 90 1
15 15 1
2 2 0
82 82 1
99 4 242368471830980416
82 82 1
53 53 1
32 32 1
76 76 1
93 45 52712353627297
59 59 1
44 44 0
3 3 1
24 24 1
57 57 1
37 37 1
73 73 1
50 50 0
63 63 0
46 46 1
64 64 0
19 19 1
83 83 1
32 32 0
79 79 0
68 68 1
92 92 1
42 42 0
84 84 1
27 27 1
6 6 0
81 81 1
4 4 1
13 13 0
15 15 1
74 74 0
48 48 0
54 54 0
17 17 0
1 1 0
29 29 1
70 70 0
82 82 0
10 10 1
28 28 1
55 55 0
34 34 0
25 25 1
5 5 1
41 41 0
62 62 1
40 40 0
67 67 1
56 56 0
36 36 1
94 94 1
33 33 0
51 51 1
61 61 1
58 58 0
13 13 1
16 16 0
49 49 1
54 54 1
92 92 0
41 41 0
84 84 1
72 72 1
6 6 1
34 34 0
88 88 0
75 75 1
46 46 1
82 82 1
59 59 0
22 22 1
94 94 1
35 35 0
37 37 0
40 40 1
90 90 1
17 17 0
79 79 0
2 2 1
9 9 0
27 27 0
57 57 0
48 48 1
25 25 1
78 78 0
93 93 1
64 64 0
10 10 1
20 20 1
62 62 1
3 3 1
56 56 0
23 23 1
45 45 1
36 36 1
12 12 1
53 53 1
21 21 0
67 67 0
11 11 0
42 42 1
7 7 1
18 18 0
69 69 1
60 60 0
81 81 1
66 66 0
31 31 1
32 32 1
5 5 0
76 76 1
65 65 1
47 47 0
28 28 0
55 55 0
77 77 1
89 89 0
8 8 0
29 29 0
87 87 1
19 19 0
43 43 1
71 71 0
1 1 1
63 63 1
39 39 0
85 85 0
44 44 1
38 38 0
52 52 0
70 70 1
15 15 1
24 24 0
73 73 1
4 4 0
68 68 0
30 30 0
50 50 1
26 26 1
83 83 1
91 91 1
14 14 0
80 80 0
74 74 1
86 86 0
100 33 623095139633043682
99 99 1
39 39 1
30 30 0
33 33 1
36 36 1
46 46 0
59 59 1
75 75 1
9 9 1
50 50 1
4 4 1
74 74 0
49 49 0
81 81 0
90 90 0
82 82 1
52 52 0
45 45 1
100 100 0
84 84 1
61 61 1
92 92 0
8 8 1
58 58 0
70 70 1
67 67 1
22 22 0
37 37 0
27 27 1
95 95 0
43 43 1
56 56 1
69 69 1
99 20 923003643546213111
49 49 1
80 80 1
21 21 0
7 7 0
84 84 1
15 15 0
93 93 1
11 11 0
54 54 0
31 31 1
82 82 0
1 1 1
63 63 0
67 67 1
24 24 1
25 25 0
59 59 0
30 30 1
53 53 0
50 50 0
97 87 494
16 16 0
43 43 1
41 41 1
70 70 1
56 56 1
10 10 0
84 84 1
14 14 0
13 13 0
46 46 0
81 81 1
69 69 1
77 77 1
11 11 0
51 51 0
95 95 1
75 75 0
97 97 1
78 78 0
28 28 0
24 24 1
30 30 1
92 92 0
42 42 0
39 39 1
20 20 0
23 23 0
91 91 1
5 5 1
53 53 0
62 62 1
1 1 1
58 58 0
93 93 1
83 83 1
40 40 1
6 6 0
26 26 1
21 21 1
73 73 0
67 67 1
82 82 0
22 22 0
48 48 1
66 66 1
55 55 0
7 7 0
19 19 1
32 32 0
47 47 1
72 72 1
49 49 0
68 68 1
57 57 1
37 37 1
85 85 0
71 71 1
76 76 1
60 60 1
9 9 0
15 15 0
54 54 1
36 36 1
18 18 0
8 8 0
61 61 0
35 35 0
3 3 1
44 44 0
59 59 1
52 52 1
64 64 0
90 90 0
34 34 1
27 27 0
80 80 1
87 87 1
65 65 0
89 89 1
31 31 1
2 2 1
25 25 1
4 4 1
79 79 0
38 38 0
29 29 1
63 63 1
91 39 1206528863948943
33 33 0
5 5 0
18 18 0
31 31 1
55 55 0
68 68 1
63 63 1
88 88 1
20 20 0
81 81 0
70 70 1
59 59 0
8 8 0
58 58 1
47 47 1
82 82 1
38 38 0
65 65 0
11 11 1
71 71 1
56 56 0
32 32 0
29 29 1
30 30 0
61 61 1
76 76 0
66 66 0
39 39 1
78 78 1
44 44 0
84 84 1
85 85 0
9 9 1
60 60 0
35 35 0
4 4 0
62 62 0
6 6 1
52 52 0
94 85 212
15 15 1
79 79 1
63 63 1
38 38 0
34 34 0
23 23 0
30 30 1
84 84 1
3 3 0
42 42 0
60 60 0
36 36 0
51 51 0
91 91 0
77 77 1
45 45 0
18 18 0
9 9 1
39 39 0
49 49 1
78 78 0
46 46 1
44 44 0
88 88 0
16 16 1
62 62 1
17 17 1
20 20 1
21 21 1
40 40 1
41 41 1
71 71 1
58 58 1
68 68 0
37 37 0
12 12 1
19 19 0
35 35 1
90 90 0
10 10 1
55 55 0
87 87 0
14 14 0
31 31 0
52 52 1
61 61 1
50 50 1
57 57 0
13 13 1
66 66 1
27 27 0
93 93 0
43 43 0
86 86 1
8 8 1
25 25 1
53 53 0
6 6 1
22 22 0
69 69 0
7 7 0
70 70 1
83 83 0
64 64 1
28 28 1
89 89 0
82 82 1
26 26 1
54 54 1
75 75 1
94 94 0
59 59 1
72 72 1
81 81 1
65 65 1
32 32 1
67 67 0
4 4 0
2 2 0
11 11 0
29 29 1
56 56 1
76 76 0
80 80 0
5 5 1
99 70 363128639
28 28 1
56 56 0
61 61 1
58 58 1
13 13 1
95 95 0
87 87 1
72 72 0
91 91 0
79 79 0
22 22 0
42 42 0
83 83 1
40 40 0
88 88 0
7 7 0
14 14 1
69 69 0
66 66 0
71 71 1
35 35 0
27 27 0
55 55 0
44 44 1
51 51 1
11 11 0
74 74 1
63 63 0
77 77 1
34 34 1
1 1 1
67 67 1
19 19 0
94 94 1
53 53 0
65 65 0
39 39 1
25 25 0
3 3 0
98 98 0
68 68 1
89 89 1
31 31 0
57 57 1
30 30 0
90 90 0
26 26 0
45 45 0
23 23 0
16 16 0
37 37 0
41 41 0
96 96 0
49 49 1
84 84 1
54 54 1
24 24 1
52 52 1
9 9 0
99 99 0
50 50 1
75 75 1
20 20 0
33 33 1
5 5 0
70 70 1
64 64 0
38 38 1
76 76 1
17 17 1
95 91 3
78 78 1
60 60 0
42 42 1
86 86 1
12 12 0
31 31 0
51 51 1
20 20 0
32 32 0
73 73 0
70 70 1
94 94 1
2 2 0
85 85 0
81 81 0
36 36 1
71 71 0
55 55 1
93 93 1
37 37 0
49 49 1
61 61 1
13 13 1
48 48 1
89 89 0
10 10 0
34 34 0
87 87 0
79 79 1
62 62 1
91 91 0
84 84 0
39 39 0
8 8 1
67 67 1
45 45 1
15 15 1
82 82 1
50 50 0
44 44 1
29 29 0
54 54 0
56 56 1
43 43 0
19 19 1
25 25 1
28 28 1
68 68 1
30 30 0
66 66 0
14 14 1
59 59 1
21 21 0
16 16 0
57 57 1
5 5 0
1 1 1
41 41 0
9 9 0
92 92 1
69 69 1
38 38 1
76 76 1
75 75 0
17 17 0
63 63 0
26 26 0
72 72 0
52 52 0
46 46 1
83 83 0
24 24 0
22 22 1
7 7 1
33 33 1
3 3 0
11 11 1
47 47 0
27 27 0
35 35 1
80 80 0
95 95 0
77 77 1
58 58 1
23 23 1
90 90 1
74 74 1
88 88 1
40 40 0
64 64 0
53 53 0
96 10 14459949981315558
1 1 1
81 81 0
61 61 1
76 76 1
84 84 1
14 14 1
72 72 1
41 41 0
17 17 1
62 62 1
94 37 9633479720753248
2 2 1
53 53 1
36 36 0
34 34 0
85 85 1
87 87 1
4 4 0
82 82 0
45 45 1
15 15 1
33 33 0
94 94 0
93 93 1
39 39 0
14 14 1
16 16 1
35 35 1
55 55 0
74 74 1
30 30 0
73 73 0
57 57 1
76 76 0
23 23 0
10 10 1
40 40 0
22 22 0
31 31 1
51 51 0
66 66 1
70 70 0
1 1 0
13 13 1
61 61 0
42 42 1
41 41 0
24 24 1
7 3 10
2 2 0
4 4 1
5 5 0
100 1 1000000000000000000
1 1 0
91 57 12683813352
41 41 1
63 63 1
66 66 0
58 58 0
16 16 1
87 87 0
53 53 0
18 18 1
79 79 0
5 5 0
9 9 0
85 85 1
83 83 0
50 50 0
33 33 0
13 13 0
24 24 0
19 19 0
70 70 0
6 6 0
55 55 1
48 48 1
23 23 1
2 2 1
91 91 1
4 4 1
57 57 0
49 49 1
52 52 1
64 64 0
54 54 0
61 61 0
59 59 0
26 26 0
45 45 1
8 8 0
29 29 1
17 17 0
88 88 0
14 14 1
36 36 1
65 65 1
31 31 1
60 60 0
39 39 0
47 47 0
69 69 1
1 1 1
12 12 1
71 71 1
22 22 0
3 3 1
73 73 0
30 30 1
89 89 0
86 86 0
81 81 1
97 83 4355
10 10 0
33 33 0
31 31 1
4 4 0
49 49 1
35 35 0
22 22 1
77 77 1
96 96 1
1 1 0
50 50 1
2 2 1
82 82 1
37 37 1
79 79 1
44 44 0
63 63 0
19 19 1
3 3 1
38 38 1
51 51 1
5 5 1
41 41 0
24 24 1
80 80 0
56 56 1
58 58 0
46 46 1
75 75 0
97 97 1
47 47 1
78 78 1
66 66 1
65 65 0
59 59 1
18 18 1
25 25 1
27 27 1
16 16 1
93 93 1
15 15 1
95 95 1
55 55 0
92 92 1
36 36 0
17 17 0
26 26 0
29 29 0
9 9 0
62 62 1
45 45 0
85 85 0
20 20 0
86 86 1
89 89 0
40 40 1
52 52 1
83 83 0
6 6 0
64 64 0
61 61 1
53 53 1
32 32 1
57 57 0
72 72 0
90 90 1
94 94 0
68 68 1
54 54 0
76 76 0
67 67 0
69 69 1
14 14 0
71 71 0
43 43 1
88 88 0
91 91 1
23 23 1
87 87 1
42 42 0
34 34 0
48 48 1
8 8 0
5 4 2
1 1 1
4 4 1
2 2 0
5 5 1
96 18 619512973704138852
54 54 1
45 45 0
86 86 0
73 73 1
9 9 0
56 56 0
24 24 1
61 61 0
76 76 0
14 14 1
6 6 0
38 38 0
44 44 1
46 46 1
39 39 1
75 75 0
25 25 1
78 78 0
97 53 2220642750242
69 69 0
93 93 0
66 66 1
43 43 1
57 57 0
6 6 0
50 50 0
70 70 0
80 80 1
97 97 0
47 47 0
37 37 1
42 42 1
92 92 1
41 41 0
21 21 1
5 5 1
18 18 1
27 27 1
23 23 0
36 36 0
56 56 1
44 44 0
61 61 0
32 32 0
88 88 0
96 96 1
15 15 1
89 89 1
19 19 0
51 51 1
91 91 0
26 26 0
85 85 0
55 55 0
65 65 0
60 60 1
39 39 1
11 11 1
1 1 1
84 84 0
25 25 1
2 2 0
67 67 0
78 78 1
24 24 0
34 34 1
38 38 0
52 52 1
8 8 0
28 28 0
82 82 1
95 95 0
96 11 404120570559549740
61 61 0
67 67 0
51 51 1
42 42 0
15 15 1
63 63 1
85 85 1
55 55 0
34 34 1
32 32 0
94 94 0
98 52 48556995416422
13 13 1
40 40 0
9 9 0
61 61 1
73 73 1
95 95 0
82 82 1
29 29 1
76 76 0
25 25 1
56 56 1
38 38 0
8 8 0
43 43 0
54 54 1
70 70 0
46 46 0
3 3 1
91 91 0
53 53 1
41 41 1
44 44 1
11 11 1
36 36 1
27 27 0
57 57 0
83 83 0
85 85 1
98 98 0
78 78 1
86 86 0
87 87 0
34 34 1
37 37 0
10 10 0
92 92 1
84 84 0
2 2 0
31 31 0
65 65 1
50 50 1
89 89 0
6 6 1
55 55 1
4 4 1
69 69 1
22 22 1
21 21 0
71 71 1
59 59 1
1 1 0
96 96 0
94 76 5122
17 17 1
62 62 1
40 40 1
64 64 1
83 83 0
19 19 0
12 12 0
92 92 1
67 67 0
68 68 1
65 65 0
70 70 0
11 11 0
69 69 1
34 34 0
86 86 0
63 63 1
89 89 1
23 23 1
72 72 0
7 7 1
13 13 0
84 84 1
44 44 0
15 15 1
60 60 0
52 52 0
80 80 0
43 43 1
9 9 1
21 21 0
73 73 1
90 90 0
46 46 0
77 77 0
51 51 0
48 48 1
4 4 0
32 32 0
61 61 0
56 56 0
59 59 1
87 87 0
35 35 1
6 6 0
76 76 1
30 30 1
47 47 0
45 45 1
1 1 0
88 88 1
28 28 0
10 10 0
25 25 0
41 41 1
29 29 1
8 8 0
54 54 0
57 57 1
33 33 1
74 74 1
58 58 1
71 71 0
36 36 1
85 85 1
38 38 0
49 49 1
2 2 0
26 26 0
78 78 0
22 22 1
24 24 0
14 14 0
18 18 1
55 55 1
39 39 0
91 1 359919894849212787
72 72 0
96 75 1074875
31 31 0
16 16 0
18 18 1
11 11 1
4 4 1
30 30 1
8 8 1
29 29 0
67 67 0
25 25 1
95 95 0
63 63 0
71 71 1
22 22 0
94 94 0
55 55 0
76 76 1
80 80 1
74 74 0
56 56 0
84 84 0
60 60 1
83 83 0
81 81 0
53 53 1
58 58 1
12 12 0
66 66 1
35 35 1
59 59 1
96 96 0
78 78 1
43 43 1
7 7 0
88 88 1
26 26 1
46 46 1
92 92 0
1 1 0
20 20 0
3 3 1
73 73 1
36 36 0
52 52 1
34 34 1
77 77 0
87 87 0
79 79 0
27 27 1
32 32 1
21 21 0
54 54 0
65 65 1
17 17 0
19 19 1
44 44 0
61 61 1
39 39 1
89 89 0
48 48 1
90 90 1
72 72 1
57 57 0
5 5 0
13 13 1
37 37 0
14 14 0
49 49 1
70 70 0
68 68 0
33 33 0
86 86 0
50 50 1
10 10 1
64 64 1
93 51 2484340324693
28 28 1
4 4 0
29 29 1
91 91 0
19 19 0
58 58 0
8 8 1
79 79 0
30 30 1
85 85 0
72 72 1
90 90 1
2 2 0
7 7 0
66 66 1
27 27 0
21 21 0
41 41 0
46 46 1
22 22 0
44 44 1
5 5 1
50 50 0
88 88 1
55 55 1
45 45 1
31 31 0
40 40 1
81 81 0
69 69 1
38 38 0
59 59 1
89 89 1
42 42 1
33 33 1
77 77 1
92 92 1
10 10 0
70 70 0
20 20 0
16 16 1
83 83 0
62 62 1
32 32 1
76 76 0
35 35 1
61 61 0
80 80 0
13 13 1
11 11 0
37 37 0
95 29 914031636407204556
76 76 1
78 78 0
33 33 0
16 16 1
15 15 1
1 1 1
11 11 1
54 54 0
21 21 1
5 5 0
71 71 1
40 40 1
68 68 1
47 47 1
4 4 1
58 58 1
81 81 1
74 74 1
80 80 1
7 7 1
31 31 1
42 42 1
45 45 0
57 57 0
30 30 1
28 28 0
26 26 1
53 53 0
18 18 0
96 25 622221926619286557
61 61 0
53 53 1
34 34 1
83 83 0
25 25 0
31 31 0
36 36 0
58 58 0
27 27 0
77 77 0
63 63 0
91 91 0
69 69 0
64 64 0
35 35 0
13 13 0
80 80 0
68 68 1
41 41 1
37 37 1
76 76 1
19 19 0
45 45 1
75 75 0
54 54 0
96 74 1357668
15 15 0
93 93 1
49 49 1
66 66 1
57 57 0
23 23 0
4 4 1
77 77 1
33 33 0
35 35 0
61 61 1
90 90 0
76 76 0
8 8 0
44 44 0
12 12 0
29 29 0
31 31 0
45 45 0
53 53 0
22 22 0
84 84 1
48 48 0
64 64 1
20 20 1
67 67 1
21 21 0
16 16 0
2 2 0
11 11 1
81 81 0
69 69 0
52 52 0
79 79 0
47 47 0
30 30 1
56 56 0
70 70 1
24 24 0
50 50 1
1 1 1
85 85 1
37 37 1
34 34 1
86 86 0
72 72 1
65 65 1
73 73 1
39 39 0
27 27 1
83 83 1
95 95 0
40 40 0
46 46 0
88 88 0
3 3 0
14 14 0
80 80 1
60 60 0
62 62 1
51 51 0
68 68 1
17 17 1
87 87 1
96 96 0
13 13 0
82 82 0
7 7 1
19 19 0
9 9 1
91 91 0
43 43 0
26 26 1
32 32 0
93 77 13238
21 21 1
90 90 1
88 88 1
25 25 1
29 29 1
8 8 1
6 6 1
15 15 1
46 46 1
45 45 1
33 33 0
92 92 1
72 72 0
36 36 1
56 56 0
32 32 1
35 35 0
28 28 0
34 34 1
11 11 0
26 26 1
12 12 1
86 86 0
47 47 0
62 62 0
85 85 0
68 68 0
18 18 1
7 7 0
54 54 1
23 23 1
63 63 0
91 91 1
38 38 1
55 55 0
52 52 1
82 82 0
1 1 0
48 48 1
93 93 0
17 17 1
10 10 1
74 74 1
44 44 0
60 60 0
65 65 0
89 89 0
50 50 1
76 76 1
80 80 0
58 58 1
24 24 1
5 5 1
37 37 0
81 81 1
59 59 0
41 41 0
87 87 1
40 40 0
78 78 0
51 51 0
79 79 1
57 57 0
22 22 1
3 3 0
30 30 1
84 84 0
66 66 0
61 61 1
70 70 1
53 53 0
43 43 0
16 16 0
31 31 0
9 9 0
42 42 1
20 20 0
91 9 186171678847900879
66 66 0
81 81 0
26 26 1
82 82 1
7 7 1
64 64 1
90 90 0
13 13 0
83 83 1
95 60 31453440747
27 27 0
15 15 0
53 53 1
8 8 1
21 21 0
3 3 0
94 94 1
93 93 0
75 75 0
92 92 1
58 58 1
64 64 0
5 5 1
13 13 0
50 50 1
55 55 0
6 6 0
12 12 0
78 78 0
41 41 1
32 32 1
23 23 0
42 42 1
10 10 0
51 51 1
71 71 0
79 79 0
87 87 0
38 38 0
43 43 0
47 47 0
19 19 0
29 29 1
46 46 0
72 72 1
35 35 1
4 4 0
49 49 0
89 89 1
36 36 1
82 82 0
85 85 0
62 62 1
20 20 1
66 66 1
48 48 1
54 54 0
26 26 0
65 65 0
24 24 0
84 84 1
67 67 1
59 59 0
28 28 1
63 63 1
80 80 1
16 16 0
91 91 0
14 14 1
9 9 1
99 84 22058
93 93 0
67 67 1
43 43 0
27 27 1
6 6 1
73 73 1
72 72 1
17 17 0
97 97 0
85 85 0
32 32 0
99 99 1
28 28 0
9 9 1
44 44 1
10 10 0
19 19 1
49 49 1
24 24 0
98 98 1
45 45 0
3 3 0
64 64 1
50 50 1
92 92 0
11 11 0
78 78 0
36 36 0
75 75 0
16 16 0
33 33 1
55 55 1
46 46 0
42 42 0
59 59 0
87 87 0
71 71 0
12 12 0
79 79 1
76 76 1
5 5 1
48 48 0
74 74 1
83 83 0
66 66 0
7 7 1
54 54 1
30 30 0
26 26 1
95 95 1
52 52 0
57 57 1
82 82 1
15 15 1
51 51 1
20 20 1
65 65 1
40 40 1
70 70 1
14 14 0
96 96 0
61 61 0
41 41 1
2 2 1
35 35 1
23 23 1
56 56 1
94 94 1
34 34 0
21 21 0
91 91 0
25 25 0
58 58 0
37 37 1
47 47 1
68 68 1
60 60 1
8 8 1
4 4 0
90 90 0
62 62 1
77 77 1
69 69 1
89 89 1
94 93 2
35 35 0
68 68 0
74 74 1
49 49 0
44 44 0
79 79 1
11 11 0
9 9 0
39 39 0
87 87 1
31 31 1
73 73 1
21 21 0
5 5 1
66 66 1
1 1 1
65 65 1
81 81 1
46 46 1
42 42 1
27 27 1
2 2 1
25 25 1
24 24 1
62 62 1
41 41 0
60 60 0
89 89 0
22 22 1
3 3 0
50 50 0
69 69 1
13 13 1
57 57 0
29 29 1
76 76 0
53 53 0
59 59 0
47 47 1
20 20 1
86 86 0
37 37 0
64 64 0
34 34 1
83 83 0
70 70 0
94 94 0
84 84 1
26 26 1
36 36 0
92 92 0
45 45 0
72 72 0
17 17 1
33 33 0
18 18 0
40 40 1
71 71 1
23 23 0
19 19 0
15 15 1
4 4 0
16 16 0
51 51 0
91 91 0
67 67 1
88 88 1
61 61 0
93 93 1
56 56 0
12 12 0
75 75 0
43 43 0
77 77 0
63 63 0
85 85 1
28 28 0
55 55 0
38 38 1
52 52 0
78 78 1
10 10 1
58 58 1
90 90 0
80 80 0
8 8 0
7 7 1
48 48 0
30 30 0
54 54 0
6 6 0
32 32 0
82 82 0
7 4 5
5 5 1
1 1 1
4 4 1
3 3 1
99 42 9551434694605742
44 44 0
81 81 0
5 5 0
35 35 0
34 34 1
45 45 0
82 82 1
74 74 1
95 95 0
78 78 1
66 66 0
75 75 0
20 20 1
61 61 1
96 96 1
79 79 1
51 51 1
98 98 0
85 85 1
54 54 0
23 23 0
15 15 0
91 91 1
32 32 1
56 56 1
41 41 0
29 29 0
1 1 0
40 40 1
27 27 1
99 99 1
65 65 1
73 73 0
59 59 1
68 68 1
57 57 1
63 63 0
62 62 0
8 8 1
10 10 1
92 92 0
72 72 1
93 59 8922746880
82 82 0
74 74 1
93 93 0
49 49 0
62 62 1
42 42 1
85 85 1
36 36 0
66 66 1
15 15 0
27 27 0
81 81 1
63 63 0
21 21 0
54 54 0
6 6 0
68 68 1
90 90 1
34 34 0
40 40 0
69 69 0
50 50 1
30 30 1
32 32 0
89 89 0
26 26 1
61 61 0
1 1 0
51 51 0
76 76 0
92 92 1
52 52 1
4 4 1
47 47 1
16 16 0
65 65 1
73 73 1
48 48 0
70 70 1
29 29 1
83 83 1
35 35 1
64 64 1
13 13 0
25 25 0
46 46 0
41 41 1
22 22 1
38 38 1
23 23 1
14 14 0
43 43 0
79 79 0
57 57 0
53 53 1
19 19 0
11 11 0
8 8 0
88 88 1
91 3 84528873405868047
61 61 1
66 66 1
31 31 0
